stop_id,stop_lat,stop_lon
5433015,49.29527,16.66305
5433025,49.30194,16.64805
5457350,50.61527,16.12416
5474452,49.0296604,15.1376726
5433014,49.7925,18.52416
5434304,50.21583,17.66333
8010232,50.9661964,14.2322416
5434917,49.85444,16.55638
5455042,50.77138,15.24944
8010294,50.0547014,12.197912
5473005,50.20888,12.2
5473015,50.21888,12.18333
5473025,50.22916,12.17416
5433035,49.27638,16.6725
5435032,49.74111,17.26833
5474795,49.39916,12.86833
8010415,50.2177173,12.3114829
8010533,50.9189214,14.1389302
5456326,49.86527,15.22055
5454361,50.47194,14.92277
5454371,50.47888,14.93916
5475502,49.44583,14.59805
5613383,48.7314963,19.1464681
5613363,48.7347481,19.1627072
2113850,53.1321512,25.9935383
5105648,50.509529,16.7580075
5105652,50.5048571,16.7337841
5456320,50.36138,15.32444
5456360,50.355,15.31083
5434822,49.96833,16.87472
5475820,49.3175,15.39805
5473792,49.1263901,14.0839587
5433024,49.65083,18.36888
5455951,50.43611,15.085
5475482,49.29972,14.4775
5475472,49.29333,14.48277
5475442,49.31,14.55388
5433045,49.44166,17.16638
5475732,49.19472,15.09194
5475742,49.20888,15.15
5474572,49.324005,15.018893
5456209,50.73805,14.305
5455106,49.78111,14.68166
8010909,52.5103817,13.4349112
8010947,52.4765716,13.3660396
8011120,52.5347694,13.1956287
5433872,50.39638,17.08138
5457300,50.6470623,15.9586539
8102828,48.6880008,16.8790468
5473074,49.95694,14.07555
5476084,49.96694,14.08333
5475515,49.90305,12.96944
5473182,49.44527,13.87527
5473755,49.38055,13.23638
5474145,49.8275,13.59527
5456889,50.51583,14.72944
5434485,49.33166,17.33916
5453853,49.9975,16.33222
5474505,50.08277,12.83111
5454559,50.4552151,13.710812
5456456,49.95583,15.07083
5475462,49.29222,14.51055
5104080,52.0202612,23.1308918
5105983,50.7283844,17.0299699
8101134,47.4179034,13.219954
8011301,51.1254623,14.1858805
5434207,49.64944,16.74472
5434765,49.0770417,17.7165966
5475435,49.7975,13.07361
5473802,49.0963577,14.0759823
5433095,49.35194,16.6475
5433115,49.36111,16.63916
5433012,49.52527,17.24611
5437125,48.94055,17.43916
5474615,49.72305,13.15944
5475186,50.1,13.39
5474722,49.43083,13.8725
5474382,49.1398685,15.0918306
5433125,49.16361,16.79805
5453170,50.21444,15.93583
5473955,49.58083,13.53111
5433042,49.92777,16.93861
5433062,49.94083,16.9025
5474765,49.50138,12.995
5457089,50.61333,14.39527
5433815,49.00416,15.85416
5433634,49.56388,18.74083
5107965,49.9772876,20.4315085
5453760,50.59666,16.21083
5433072,50.02611,16.90111
5453310,50.09083,16.37972
5475112,49.0928349,13.8008633
5475102,49.0976613,13.8141031
5434124,49.90055,18.35944
5474042,49.2134158,14.3920508
5453910,50.32805,16.09555
5453940,50.31194,16.07944
5433145,49.096291,17.926174
5433175,49.05472,17.11916
5435845,48.98777,16.35583
5433052,49.95166,16.87583
5433092,49.66277,17.28083
5434166,49.08611,15.85361
5434314,50.24,17.71472
5455909,50.49111,14.14888
5455616,49.8675,14.34472
5433185,49.03611,17.79555
5433005,49.03527,17.81083
5455606,49.88027,14.34861
5433604,49.96305,18.07305
5454030,50.21444,16.065
5456009,50.73361,14.18777
5455396,49.68444,14.94972
8302026,46.4964289,11.3588046
5476575,49.7175,12.77833
5476755,49.68777,12.78111
5436405,49.40111,16.36583
5106016,50.8789262,17.02458
5455350,50.53555,15.23166
5475615,49.635,12.76861
5473375,50.0675,13.13222
5454050,50.09694,16.08555
5474162,48.89111,14.6425
5456700,50.50916,15.60444
5456720,50.5,15.65888
5475375,49.52666,13.29916
5455073,49.74305,16.16138
5455003,49.73166,16.17444
5476092,48.9270273,14.4440054
5433205,49.49111,16.65111
5475825,50.35916,13.08222
5436775,48.91611,16.85
5455623,49.98027,15.92222
5455199,50.58555,13.93694
5433215,48.73777,16.86694
5456546,50.01527,15.015
5456566,49.99944,15.01222
5475532,49.4475,14.49444
5433225,48.82305,16.2875
5474075,50.25611,12.775
5454646,50.18388,14.65333
5454666,50.18,14.67833
5454650,50.18361,14.66472
5453843,50,16.28388
5454546,50.18416,14.17277
5475572,49.4025,14.34527
5433584,49.88916,17.87777
5435275,49.15027,17.13361
5433236,49.45916,17.90583
5433112,50.14666,17.015
5433255,49.30555,15.74916
5433122,50.05194,17.61138
5613206,48.158933,17.1066995
5476894,49.73833,14.00277
8302001,47.0024092,11.505536
2113000,52.1000103,23.681038
5614386,48.7867719,17.5562367
5457199,50.71638,14.72861
5438015,49.18277,16.61555
5433295,49.19083,16.61333
5438026,49.182348,16.607244
5434075,49.13194,16.65694
5433305,49.16722,16.60666
5433315,49.23027,16.59694
5433335,49.22055,16.62666
5433355,49.216323,16.647697
5433365,49.16944,16.68194
5433385,49.18833,16.63055
5433325,49.25055,16.59027
5433395,49.20166,16.635
5474935,49.82888,12.74111
5433142,49.48194,17.33722
5613026,48.692636,17.023
5453610,50.58055,16.33944
5453650,50.60777,16.32805
5454719,50.6085288,13.9361569
5456469,50.9518015,14.4387387
5433405,49.0942632,18.0365867
5433435,49.0851419,18.0256981
5434285,48.94722,16.90583
5433162,49.99333,17.47444
5106210,50.8529011,17.4708931
5107980,49.986778,20.6089461
5435172,49.43722,17.96694
5454411,50.47861,14.98611
5510033,47.5107788,19.0575853
5433084,49.79555,17.61388
5436725,49.2725,16.00888
5454197,50.404824,14.1344127
5456186,49.72222,15.18444
5475252,48.70194,14.43222
5456031,50.44333,14.83305
5455510,50.38805,15.42472
5433505,49.14527,16.99972
5456336,49.89138,15.24
5433535,49.0675,18.01416
5435292,49.59861,17.3225
5105739,50.2856474,16.6470179
5105741,50.2968844,16.654958
5455119,50.625,13.86361
5433104,49.63583,18.71722
5433555,49.51305,16.24805
5433585,49.39305,17.66555
5455116,49.74166,14.66611
5433852,49.41722,17.95861
5107230,50.3429791,18.9151611
5617365,49.2074325,18.5533472
5454551,50.30555,14.60361
5433615,48.96888,17.26277
5436175,48.93666,17.28916
5433475,48.97027,17.29416
5616690,48.6791336,21.8345754
8010632,50.5076,13.0299
5454933,49.70583,15.73361
5454819,50.55388,13.77194
5454829,50.54027,13.75944
5454799,50.5719809,13.7864614
5433064,49.75305,18.01388
5433085,49.2425,16.67333
5456730,50.45166,15.73277
5453540,50.0173026,16.7476122
5457562,50.82111,14.91722
5454852,50.87583,15.20611
5434805,49.36277,15.73472
8011785,53.4741982,10.6243802
5476754,49.90944,14.17833
5434554,49.58333,17.80027
5455319,50.45222,13.76638
5475575,49.58861,12.72055
5475585,49.59194,12.70861
5456898,50.48805,14.83583
5456908,50.49305,14.78694
5456918,50.5,14.86888
5456630,50.5325694,15.4424985
5456660,50.53361,15.44555
5473162,49.50388,13.88583
5456401,50.18583,15.34111
5473695,49.30444,13.30361
5473696,49.293943,13.318629
5105549,50.7442579,15.9901005
5474845,49.8425,13.58722
5433425,48.75361,16.89277
5433995,49.34888,17.45527
5475485,49.87305,12.9675
5454243,49.63222,15.61611
5454341,50.54555,15.03611
5456219,50.76083,14.24361
5476934,49.55833,13.96388
5453719,50.3958692,13.4210638
5455941,50.41333,15.00527
5454959,50.35138,13.72194
5433437,49.63333,16.52
5433447,49.65527,16.50833
5453750,50.60472,16.23444
5434865,48.8125,16.55444
5433485,48.87277,16.3675
5454207,50.4127658,14.1148385
5433232,49.91305,17.3825
5435232,49.91777,17.40277
5433242,49.91222,17.36972
5454569,50.4078476,13.7230368
5454117,50.36333,14.21805
5475465,49.83111,12.98111
5455620,50.32555,15.71666
5455253,49.90555,16.20611
5455263,49.90083,16.21861
5453166,50.07777,15.07944
5473144,49.83666,13.83666
5436295,49.58777,16.70472
5456126,49.74944,15.0625
5454167,50.3592866,14.1489767
5435695,48.75972,16.8425
5106790,49.9259204,18.311311
5475035,50.07361,12.38055
5475036,50.07388,12.34805
5475025,50.05138,12.40861
5475964,50.07583,13.77722
5453050,50.16333,15.45722
5475322,48.87,14.41944
5454596,50.26722,14.45638
5475335,49.62277,13.29194
5453677,50.34416,13.84555
5456436,49.89555,15.05611
5455936,49.86972,14.80583
5453813,49.99388,16.22361
5474055,50.23138,12.75361
5474955,49.9025,12.725
5473825,49.36527,13.06777
5434102,49.65805,17.06083
5455743,49.98916,15.64277
5453489,50.45666,13.39944
5453509,50.46972,13.41361
5455749,50.72361,14.18583
5434037,49.67694,16.745
5107310,50.2784252,18.9446804
5455219,50.54722,13.98888
5456496,49.97027,15.12111
5455276,49.47277,14.66833
5453146,50.07138,14.99611
5457542,50.8375,14.87083
5473492,49.07861,14.52916
5454923,49.71166,15.68222
5453609,50.267784,13.3511476
5433244,49.77888,18.6
5453359,50.57555,13.78444
5454481,50.33944,14.81027
5456990,50.51888,15.75972
5455469,50.44194,14.07027
5474705,49.65694,13.19805
5453040,50.14583,15.32888
5454693,49.90111,15.91055
5457552,50.81305,14.95194
5457572,50.79694,14.95777
5433552,50.14305,16.94944
5473862,48.9563559,14.0550849
5434105,49.36944,17.36111
5456626,50.065,14.99694
5454653,49.94805,15.78666
5455553,49.9575,15.79388
5454673,49.95916,15.78083
5455796,49.83944,14.57694
5473245,49.78527,13.4975
5473255,49.79222,13.48972
5474105,49.8,13.49666
5455068,50.1418839,13.6634225
5453426,50.1484864,13.6708714
5433594,49.98861,18.11305
5434112,49.69388,17.04
5453503,50.03722,15.41861
5457330,50.59916,16.03777
5474012,49.1645025,14.2928024
5435295,49.32111,17.11111
5454406,50.23972,14.3375
5474582,49.3417089,14.984291
5473335,50.11111,13.24777
5474322,49.41555,14.81055
5454876,50.05888,14.21194
5454886,50.05166,14.22083
5456205,49.71222,15.19444
5456215,49.70777,15.235
5456749,50.8675,14.52388
5455840,50.50055,15.33666
5107565,49.7512979,18.6362398
5474555,50.1792081,12.8414766
5475905,50.16444,12.61555
5436965,48.87888,15.97722
8012008,50.5113429,12.9930622
5454237,50.37833,14.30638
5106812,50.148788,18.6851834
5106807,50.1566873,18.6643017
5106852,49.9740476,18.4253931
5454034,49.9425,15.32888
5454336,50.36611,14.41833
5473445,50.25472,12.88638
5475925,50.13916,12.56694
5455696,49.8875,14.39833
5474882,49.08583,15.43916
5474872,49.07833,15.43972
5475405,49.45083,13.28611
5454972,50.75333,15.30888
5454974,50.76388,15.33527
5454973,50.75916,15.31388
5476965,49.27722,13.175
5453367,50.2256686,13.6062555
5433155,49.0979704,17.9150593
5455409,50.46666,13.96805
5455961,50.42111,15.03972
5453923,49.93555,16.4225
5455670,50.26166,15.72583
8012267,51.620608,13.5642259
5474592,49.358713,14.970779
5455739,50.71583,14.19111
5433294,49.66944,18.47277
5454589,50.3708201,13.7990306
5474332,49.42,14.76972
5433655,49.47805,15.64138
5433865,49.34472,17.60888
5456191,50.35527,14.93944
5454056,50.11055,14.22
5454061,50.11027,14.21944
5454010,50.28916,16.15222
5473014,49.55611,13.99916
5455590,50.34583,15.60972
5474222,49.35666,15.27416
5473922,48.8770814,13.8615858
5433284,49.67083,18.41416
5435435,48.8225,16.52583
5475325,49.65638,13.30333
5476935,49.68138,13.32388
5453080,50.15944,15.65666
5453226,49.92722,14.28777
5473815,49.37166,13.08805
5453713,49.99555,16.13611
5455316,49.75222,14.76166
5454267,50.43694,14.29611
5455646,49.78972,14.18333
5453011,50.14,15.26361
5455650,50.28277,15.69555
5456859,50.57361,14.64666
5454446,50.22055,14.35055
5454929,50.3401258,13.6275534
5434885,48.91194,16.36777
5433304,49.92305,18.11916
5433794,49.92416,18.08222
5454306,50.38861,14.43638
5474842,49.03416,15.37472
5455911,50.44138,15.13222
5454173,49.66138,15.38055
5455556,49.94694,14.39666
5475830,49.34277,15.46166
5453360,50.0126049,16.4743731
5456289,50.75,14.33555
5474745,49.58,13.09305
5456479,50.956354,14.517977
5433105,49.3875,16.63361
5453390,49.9893786,16.39739
5453460,50.0893984,16.720932
5436425,49.35638,16.34722
5476735,50.23916,12.4125
5434134,49.91222,18.41416
5453510,50.06573,16.7474326
5473062,49.41388,14.11305
5456699,50.88611,14.62055
5454962,50.76027,15.32305
5456529,50.98333,14.28305
5476142,49.2875,13.80083
5474482,49.183949,15.031038
5433275,49.32277,15.74722
5474095,49.81694,13.575
5455829,50.59666,14.04805
5474985,50.01166,12.53972
5434074,49.89472,17.77388
5455639,50.84638,14.215
5455649,50.83722,14.22333
5433065,49.3525,17.16166
5475635,49.73527,12.73916
5456562,50.60361,15.17111
5454273,49.58583,15.56416
5473262,49.30055,13.91555
5105743,50.2131508,16.6552382
5433422,49.74027,17.44472
5455346,49.71472,14.83666
5473515,49.435,12.94305
5473525,49.43555,12.925
5453829,50.4794349,13.3515293
5477012,48.8279268,14.3347904
5455921,50.3970756,15.1055788
5455019,50.2329394,13.7225325
5435995,49.43861,16.62166
5435225,49.42833,16.35138
5474575,50.2116395,12.8318788
5454312,50.60777,15.10166
5473592,49.32166,14.7175
5453260,50.10916,16.25861
5475672,49.20805,14.79972
5433452,49.5825,17.07972
5456466,49.93694,15.06277
5433472,49.55222,17.68222
8012453,51.0402452,13.7320768
8012470,51.0658669,13.7405404
5455459,50.39861,14.0125
5475605,49.62888,12.72194
5457069,50.60972,14.35944
5473775,49.33527,13.1775
5454209,50.6975,13.76194
5453339,50.61722,13.755
5475850,49.38416,15.49833
5473652,48.85527,14.89694
5453833,49.98416,16.19194
5456740,50.41361,15.79805
5433835,48.85,16.12055
5456381,50.25583,15.21527
5474531,49.14055,14.62194
5433715,49.61,16.84805
5102244,53.2379827,20.1677473
5473332,49.10611,14.30111
5434904,50.23222,17.64444
5474233,49.778759,13.503131
5473235,49.76694,13.50416
5107458,50.3302375,19.1853915
5108120,50.0539304,21.4041528
5475702,49.16416,14.95111
5435015,49.0342746,15.7252166
5453790,50.56138,16.18777
5433264,49.88055,18.17083
5455710,50.3732464,15.1766748
5433274,49.9,18.46638
5433322,49.83833,17.39472
5455659,50.77333,14.20083
5455689,50.775,14.22333
5458689,50.775588,14.224193
5455609,50.79333,14.23055
5455629,50.78472,14.20888
5456019,50.76638,14.21444
5455619,50.8175,14.22111
5105742,50.2384136,16.6379329
5454556,50.18916,14.20166
5453024,50.2425,14.63416
5455293,49.925,16.17416
5473225,49.75138,13.51194
8012845,51.4600093,13.5165719
5454762,50.98972,15.025
8102806,48.2562384,16.4004908
5473742,49.11833,14.73638
5456239,50.72388,14.33166
5474005,50.12416,12.355
5474010,50.11722,12.35888
8013404,48.3951508,11.7445653
8101583,48.4952269,14.4814066
5433334,49.54166,18.22444
5433324,49.545,18.20638
5433344,49.6775,18.35361
5433354,49.58861,18.35444
5433384,49.58444,18.36083
5433374,49.56972,18.36055
5454652,50.91888,15.07333
5454662,50.92666,15.07638
5433404,49.71333,17.91277
8013539,49.3099621,12.8394869
5100758,54.4098972,18.5718547
5100753,54.3817696,18.6055111
5100590,54.5216208,18.5274712
5106970,50.3010936,18.6769406
8102451,48.7642168,14.9845125
5106190,50.493165,18.0186011
5454083,49.83666,15.46777
5454093,49.82166,15.47333
5105738,50.3543949,16.6409172
8013857,50.9411905,14.1646995
5433805,48.98416,15.87416
8014106,50.9026,14.6444
5433482,49.53388,17.30527
5501289,47.6820845,17.6348269
5104220,51.6696063,16.0798664
5105710,50.3301598,17.3944233
8014291,50.9064062,14.7043574
5454602,50.92861,15.19722
5433492,49.3221901,18.15401
5433412,49.3160456,18.1421612
8014421,53.5538295,9.9351453
8014429,53.4898442,10.2065766
5437035,49.56722,15.89638
5476985,49.21111,13.175
5433542,50.07166,16.92916
5434772,50.05805,16.92305
5433582,50.08916,16.92
5454922,50.77138,15.39305
5456446,49.91361,15.05777
5473535,49.41638,12.87472
5454213,49.59833,15.58805
5454203,49.61416,15.53944
5433454,49.79138,18.41194
5433461,49.78833,18.43916
5433474,49.79055,18.46
5436595,49.0325,17.62
5473595,50.16194,12.27972
5501362,47.9140794,17.145299
8014688,50.9815969,13.8581167
8102406,48.2486697,16.3659272
5454832,50.87944,15.18472
5100679,54.6110402,18.8008848
5105645,50.663243,17.0300261
5474752,48.61916,14.34944
5453560,49.9896526,16.7532676
5455843,49.52527,15.47305
5455216,49.60305,14.58333
5474645,49.71055,13.0875
5455713,49.95138,15.65833
5473122,49.24444,14.13944
5473402,49.23611,14.13611
5434174,49.71333,17.75805
5433494,49.6775,17.98444
5434814,49.67972,17.95083
5475915,50.15388,12.6075
5456161,50.36361,14.56222
5433595,49.37083,17.63166
5454853,49.76666,15.90166
5615906,48.4334385,17.8070117
5473302,49.03222,14.42027
5473482,49.05055,14.46388
5474152,48.89583,14.67527
5453404,50.00222,15.21861
5433592,49.64694,17.40805
5433612,49.62555,17.40305
5433602,49.61305,17.39472
5433504,49.90083,18.19361
5433102,49.63888,17.28111
5454024,49.98166,15.29333
5433514,49.67861,18.53888
5453370,50.0015782,16.4613218
5454287,50.45277,14.36138
5455640,50.31222,15.72166
5474960,49.27166,15.48388
5456286,49.785,15.16361
5456226,49.7775,15.15388
5454272,50.66722,15.10055
5457360,50.60472,16.07194
5433825,48.84138,16.16444
5433845,48.85611,17.12111
5475942,48.7788505,14.1042533
8102825,48.5982537,16.9008506
5476995,49.19083,13.22222
5434674,50.00027,17.80361
5453327,50.2849846,13.558695
5454873,49.78805,15.92722
5474092,49.0785851,14.2100966
5433855,49.32694,17.57111
5455513,50.06916,15.9925
5475312,48.85138,14.44777
8102662,48.5629604,16.072294
5476555,49.71777,12.8625
5473185,49.77388,13.7
5476052,48.8932025,14.3245875
5614326,48.8147144,17.1500756
5474735,49.59722,13.10111
5473605,49.32083,13.70972
5473865,49.33111,13.73888
5433642,49.6375,17.20138
5456156,49.73861,15.12861
5454713,49.88222,15.91166
5456690,50.52666,15.56805
5475372,49.39527,14.64222
5454054,49.87166,15.44277
5613293,48.8310679,18.8775906
5614466,48.9974076,18.0994619
5457370,50.62305,16.08305
5454227,50.35722,14.35527
5474285,50.38777,12.76638
5456950,50.59666,15.58666
5475085,49.85083,13.37944
5475075,49.83805,13.35888
5475802,49.31111,15.32444
5475222,48.60166,14.42166
5433882,50.3875,17.10722
5475125,49.9475,13.36222
5454179,50.63972,13.70361
5456309,50.79916,14.43638
5456225,49.69583,15.28333
5433652,49.18888,18.05805
5433702,50.22444,17.08333
5434672,49.415,17.45222
5473102,49.49805,14.05611
5456500,50.45027,15.57222
5475912,48.7650577,14.0265624
5475862,48.7521847,14.044136
5456729,50.88277,14.55694
5456249,50.70611,14.4
5456539,50.99666,14.30083
5434324,50.22555,17.65472
5454316,50.4225,14.38638
5474472,49.1719093,15.0330918
5474325,50.13666,12.81416
5433484,49.79277,18.48777
5457170,50.63222,15.46166
5433534,49.68111,18.50361
5475172,48.9626086,13.7745987
5454582,50.95194,15.1975
5457049,50.55777,14.26722
5473532,49.16722,14.66694
5476625,49.52416,12.9375
5433622,49.52083,18.01666
5456970,50.53666,15.73777
5456971,50.53916,15.72
5453656,50.08388,14.25833
5453666,50.07138,14.22416
5453676,50.07527,14.26611
5453686,50.08388,14.23027
5454809,50.5854231,13.8105038
5476824,49.83138,14.04722
5475545,49.56027,12.77777
5454076,50.10472,14.20916
5434555,49.11972,16.7825
5436085,49.0536282,17.8722652
5473472,49.03472,14.46638
5454736,50.18055,14.5275
5435452,49.3048625,18.0599392
5455058,50.1683045,13.6412165
5453749,50.3787188,13.5044541
5475972,48.7714983,14.1828673
5455580,50.35611,15.63444
5473134,49.84333,13.89916
5454564,50.15277,15.02861
5453983,49.87333,16.78222
5475042,49.187367,13.893163
5434155,49.29138,17.05944
5453079,50.49138,14.3275
5474475,49.9931449,12.8447065
5457190,50.62305,15.50111
5433992,49.90805,17.03861
5435182,49.47638,18.00388
5614436,48.7180676,17.7270632
5476073,48.9265915,14.3659208
5453120,50.21444,15.81027
5453150,50.22222,15.84138
5453130,50.20194,15.79805
5453140,50.22166,15.85944
5433574,49.8775,17.87583
5433457,49.70027,16.48472
5453559,50.35916,13.30777
5474725,49.63583,13.12222
5434582,50.28638,17.27361
5474692,49.44972,13.77305
5455169,50.59361,13.87583
5436435,49.33333,16.43805
5433895,49.04416,17.575
5433722,49.56527,17.74111
5433732,49.54555,17.74166
5473065,50.30194,12.18222
5473662,48.87277,14.87944
5455919,50.485,14.17416
5455870,50.49027,15.26444
5473462,49.01944,14.48222
5454189,50.66,13.72194
5455949,50.45972,14.22888
5455613,49.96611,15.90805
5453820,50.47277,16.17666
5453830,50.49,16.18611
5473485,50.30666,12.86861
5473495,50.31277,12.86138
5455340,50.55027,15.2125
5433752,49.66944,17.43833
5433762,49.66833,17.42138
5433432,49.69055,17.44277
5433915,48.78694,16.98166
5433925,48.81,16.38305
5433955,49.03416,16.59111
5455273,49.91083,16.19666
5433114,49.61388,18.73916
5457522,50.85555,14.84638
5476305,49.71333,13.65361
5473645,49.26194,13.49055
5473141,49.5275,13.92861
5433985,49.31666,17.47611
5616040,48.9301374,21.901208
5455813,49.53472,15.34805
5473822,49.0496552,14.0261535
5433502,49.3030979,18.0922463
5433512,49.3093736,18.119675
5433812,49.52333,17.86388
5434015,48.93722,16.73583
5434025,49.11472,17.46472
5455926,49.87222,14.77194
5435455,49.22277,15.75833
5453730,50.62416,16.28805
5454129,50.61916,13.72527
5433424,49.90111,18.09305
5475865,50.28,12.93805
5476074,49.98888,14.04472
5476495,50.2218165,12.5807928
5454969,50.285483,13.7251891
5474202,49.32055,15.30916
5474442,49.0453295,15.1583741
8101187,47.2632966,11.4010207
5101870,52.8051894,18.2439417
5434145,49.30611,17.08694
5434125,49.09805,16.37277
5434995,49.09444,16.40194
5434135,49.09888,16.3825
5102180,53.5822318,19.5736739
5455112,50.72611,15.14916
5457120,50.70027,15.435
5457130,50.68055,15.45111
5455092,50.72083,15.16055
5455002,50.72083,15.17361
5455102,50.72027,15.18611
5455082,50.73194,15.19333
5453400,50.0263484,16.5945804
5457209,50.76916,14.75805
5433842,49.37694,17.94722
5435055,49.0367578,15.764493
5433554,49.91722,17.69138
5434184,49.69805,17.78444
5434842,49.93388,17.31777
5453410,50.0399618,16.6026105
5433465,49.35555,17.6225
5473765,49.3525,13.20361
5457340,50.58694,16.08472
5435462,49.3081304,18.019997
5434495,49.26305,17.37972
5456770,50.34166,15.90972
5456780,50.35694,15.91111
5434165,49.09444,15.86416
5108326,50.0104958,22.678605
5475722,49.18138,15.07861
5437175,48.86111,17.52027
5433862,50.39472,17.01555
5107390,50.2463215,19.2974195
5105440,50.9124681,16.4288522
5456759,50.8425,14.57027
5434185,49.0158183,15.581591
8101176,47.3884246,11.778271
5453636,50.09416,14.21138
5454066,50.09444,14.21305
5455703,49.98083,15.65611
5433725,49.60611,16.86083
5476164,50.09305,13.47166
5455280,50.6517926,15.3278371
5433892,50.2275,17.19333
5434824,49.61555,17.90222
5435255,49.08777,17.11305
5456839,50.61388,14.6
5473885,49.37,13.66527
5475592,49.38194,14.29083
5435425,48.82,16.46722
5434197,49.63083,16.73055
5474990,49.32055,15.48111
5455610,50.34277,15.67638
5454252,50.70722,15.08638
5455236,49.57666,14.60722
5434215,49.41472,15.59916
5434225,49.40361,15.58333
5434195,49.44361,15.60833
5434205,49.41027,15.56805
5457160,50.60416,15.51361
5433434,49.89777,18.14138
5454979,50.3264932,13.7510079
5476884,49.78222,13.98722
5400701,49.155496,15.00771
5433902,50.09888,16.98916
5433644,50.24833,17.53861
5454572,50.95861,15.25416
5454592,50.95888,15.22805
5474362,49.155,15.00416
5474372,49.1488962,15.0526878
5474373,49.1458325,15.0616897
5455400,50.47888,15.335
5454906,50.02888,14.26222
5454009,50.49222,13.44861
5454019,50.48527,13.4475
5433654,49.74888,18.15083
5455380,50.51388,15.29833
5455420,50.43055,15.36111
5455430,50.45027,15.38055
5456330,50.37416,15.33722
5455052,50.75694,15.26388
5456739,50.88277,14.58055
5454626,50.23861,14.54666
8015299,50.4375889,12.7289003
5455032,50.77944,15.24
5456291,50.23916,15.05166
5474142,48.87694,14.70527
5455736,49.87777,14.49972
5433442,49.71,17.44194
5453799,50.38166,13.27694
5453569,50.37611,13.27694
5454561,50.39694,13.275
5453549,50.41111,13.25833
5453679,50.28361,13.22555
5457240,50.600361,15.872763
5474552,49.2949253,15.0748824
5455833,49.52416,15.43527
5456329,50.780941,14.468154
5433685,49.50722,15.655
5453224,50.18888,15.00305
5453526,50.14,14.03777
5453856,50.23916,14.20583
5455756,49.86638,14.51694
5474605,49.71694,13.19222
5476285,49.72194,13.61805
5475332,48.89111,14.44888
5105640,50.5362227,16.8971943
5105527,50.785554,16.0233708
5456111,50.41555,14.61472
8103155,47.4452296,15.2923523
5433302,49.53111,17.10444
5475272,48.775,14.46861
5474422,49.0823273,15.170921
5475682,49.18333,14.86027
5455172,50.77361,14.98361
5435372,50.1050024,17.439216
5435422,50.107621,17.427666
5455330,50.56166,15.19611
5475875,50.23527,12.86666
5474585,50.23,12.86277
5474571,50.2223739,12.8451386
5474565,50.2019579,12.8375732
5475885,50.22888,12.83277
5453186,49.93194,14.17527
5435322,49.3502878,18.2452383
5435272,49.3503814,18.2319509
5433674,49.85527,18.52666
5474683,49.45694,13.74388
5476132,49.26916,13.82333
5107331,50.2576071,19.0171456
5107294,50.2442339,18.983371
5107290,50.2260023,18.9778134
5107296,50.2132694,18.9699649
5456051,50.44277,14.77694
5475105,49.89361,13.375
5453536,50.15638,13.99527
5473160,49.82194,13.77888
5473165,49.80055,13.76777
5475246,50.26166,13.41777
5473835,49.38361,13.03222
8101586,48.4365658,14.5383536
5501024,47.4644823,19.0204391
5474545,50.1601129,12.8388284
8101163,47.4489417,12.3090792
5473215,49.74888,13.53805
5453516,50.12777,14.11361
5453556,50.14138,14.08444
5453566,50.16333,14.12972
5453616,50.14722,14.08666
5453546,50.13166,14.06694
5453576,50.16611,14.15361
5453606,50.16138,14.11472
5473745,49.40138,13.27388
5473735,49.38583,13.295
5454147,50.39416,14.24666
5473565,49.43888,12.8225
8015614,50.3572558,12.4626642
5453726,50.29805,13.99638
5435024,49.73722,17.76916
5106120,50.9710826,18.201009
5453106,50.09444,14.90361
5453519,50.385,13.19611
5456960,50.55833,15.66083
5455586,49.89666,14.35944
5453786,50.30527,14.16111
5107090,50.217278,18.688153
5436305,49.53444,16.68944
5453416,50.1422509,13.6408248
5454421,50.4725,15.01638
5455850,50.49277,15.32
5434334,50.22777,17.69888
5433782,50.33805,17.125
5434275,48.93388,16.88111
5436335,49.24388,16.02472
5434295,49.14944,15.82583
5454716,50.23555,14.49833
5434306,49.34527,17.30472
5453493,50.04055,15.39722
5454511,50.30694,14.65611
5475495,49.88222,12.96416
5453976,50.19666,14.21805
5453396,50.1356621,13.6033456
5473665,49.295,13.43583
5455971,50.40638,14.97777
5453414,50.025,15.21416
5453484,50.01111,15.23444
5453444,50.01527,15.22277
5453424,50.03055,15.195
5453434,50.03722,15.21
5433082,50.00944,16.89722
5433735,49.59138,16.88361
5475505,49.88472,12.97472
5455009,50.2682156,13.7265881
5456300,50.33388,15.26027
5433704,49.59527,18.14722
5438073,49.611132,18.148895
5433714,49.60388,18.14944
5476375,49.65583,13.58805
5476385,49.66388,13.56805
5104445,51.5446015,16.8722387
5476154,50.10722,13.51861
5455196,49.65916,14.48
5436155,49.05166,17.39583
5434385,49.50888,17.065
5454636,50.22111,14.57916
5453240,50.11638,16.22388
5453250,50.11972,16.20527
5455783,49.92055,15.65111
5455793,49.92833,15.64888
5475840,49.35694,15.48138
5475841,49.35472,15.48888
5613856,48.8782479,17.9760012
5453134,50.18583,14.96166
5454247,50.38027,14.33
5101300,52.5916413,14.6478439
5453653,50.01277,15.8975
5434505,49.28361,17.40305
5474663,49.46277,13.66583
5475806,50.36694,13.15416
5455038,50.2161385,13.6654478
5473845,49.39694,13.01194
5433952,50.09916,17.10694
5456536,50.005,14.98777
5455530,50.39222,15.46944
5454016,50.18166,14.24722
5453899,50.4300482,13.0352932
5453919,50.4400803,13.069518
5473896,49.41361,13.6125
5433314,49.91027,18.15361
5474835,49.76222,13.24444
5100410,54.1821911,15.5708986
5456506,49.97305,15.13833
5454912,50.77,15.36555
5454942,50.76194,15.34638
5613600,48.7228349,21.2686703
5455479,50.40027,13.95388
5453249,50.6329814,13.9879341
5454541,50.31722,14.67055
5456610,50.56861,15.40361
5476245,49.99361,13.51888
5433182,49.5375,17.25055
5434455,49.215,15.80444
5108041,50.0686663,19.947802
5434465,49.19222,16.20361
5435352,49.48638,17.18083
5476255,49.98861,13.48944
5454396,50.23805,14.31361
5453946,50.23166,14.28333
5454526,50.22416,14.29777
5476535,50.3306307,12.5027932
5476525,50.311645,12.518667
5476534,50.33948,12.497403
5456256,49.87722,15.22444
5453963,49.84861,16.6875
5453090,50.1575,15.61055
5457099,50.62888,14.40444
5433754,49.935,18.01
5433764,49.93083,18.03888
5617475,49.1530384,19.1300228
5455766,49.84861,14.55305
5435192,49.47694,17.98861
8015906,50.9132,14.1602
5433904,50.08833,17.68305
5433914,50.09388,17.71277
5454471,50.37638,14.86888
5434475,49.30222,17.40277
5433944,49.29166,17.40722
5454531,50.32333,14.70083
5105736,50.3922109,16.6368292
5455043,49.77833,16.03666
5455173,49.78611,16.035
5476174,50.09027,13.43416
5453279,50.67222,13.87861
5453376,50.1697107,13.722933
5475216,50.1688278,13.4228016
5455202,50.77194,14.94194
5107770,50.1308972,19.6339658
5457280,50.6731888,15.9706288
5453816,50.25972,14.06833
5475895,50.18916,12.675
5453500,50.080647,16.7564431
5453490,50.0867296,16.7486717
5473084,49.94277,14.04055
5473094,49.92777,14.02
5618215,49.3789006,18.8357554
5456659,50.91888,14.51194
5456669,50.90694,14.51194
5454882,50.80111,15.03805
5434044,50.12527,17.63805
5453619,50.2557014,13.3683633
5474315,50.1156298,12.8482787
5474316,50.1238269,12.8490369
5454632,50.9375,15.12833
5454642,50.93055,15.10888
5455360,50.52777,15.24694
5475162,48.9830197,13.7746457
5456760,50.39583,15.88416
5434262,50.0373155,17.5159887
5434595,49.05166,17.47
5434605,49.03805,17.46083
5434636,49.44,17.81861
5456940,50.58361,15.62277
5433934,49.53472,18.295
5434927,49.79611,16.63777
5474412,49.1120656,15.1628042
5454014,49.96166,15.30111
5456346,49.94972,15.27722
5456366,49.93722,15.26694
5456376,49.9575,15.29027
5434655,49.30083,16.53444
5106888,50.2005179,18.2984938
5455123,49.72916,16.36694
5455163,49.72666,16.35444
5455830,50.5,15.37638
5434675,49.01638,17.12277
5434685,49.00305,17.12361
5434214,49.925,17.90888
5475935,50.12555,12.51944
5613560,48.8528786,21.2239458
5618245,49.3060939,18.7843014
5456429,50.81444,14.5325
5456066,49.78666,15.01833
5456096,49.77555,15.03083
5475992,48.813015,14.2654059
5453070,50.155,15.56111
5613016,48.6619577,17.0474958
5105893,51.0379927,16.7499748
5105746,50.4357859,16.6586112
5435765,49.5725,16.90583
5476062,48.9046346,14.3313357
5457310,50.63805,15.93555
5433135,49.14416,16.83388
5434545,49.14333,16.82444
5476595,49.53527,13.025
5455489,50.39777,13.98138
5474612,49.3869069,14.9385029
5456039,50.75666,14.20361
5453109,50.52583,14.21444
5453819,50.4897404,13.2759587
5453859,50.487663,13.2952917
5453849,50.4901312,13.3249945
5456261,50.26583,15.14361
5476004,50.03805,13.86861
5434575,49.38472,16.08
5436115,49.14472,16.93527
5455182,50.75138,14.91833
5435615,48.81277,16.88111
8016021,48.5475468,12.1360812
5455353,49.90833,16.60305
5453380,49.9927009,16.447299
5434695,48.7325,16.9625
5101720,53.4910465,18.4559143
5456166,49.72944,15.15888
5475974,50.06527,13.8
5436065,49.46805,16.01527
5455149,50.6057384,13.8593908
5456195,49.69777,15.27027
5456006,49.84722,14.93222
5456281,50.28388,15.18583
5455700,50.3444161,15.2358137
5434705,48.79388,16.80138
5434715,48.78111,16.80305
5105300,51.2135262,16.1681751
5454579,50.3775332,13.7734812
5475202,48.9283914,13.7969138
5475152,48.9233725,13.8024749
5613716,48.4416698,17.7585877
5435472,49.2866505,18.0009952
5474282,49.42972,15.07916
5106806,50.1397517,18.6176364
5453330,50.03138,16.5075
5434725,49.55583,16.57083
5434735,49.535,16.57722
5456650,50.52416,15.53111
5454113,49.76111,15.39861
5473296,50.11888,13.35416
5455336,49.72055,14.815
5474022,49.1834626,14.3110498
5453100,50.16666,15.69611
5453523,50.03638,15.52694
5433444,49.90694,18.04694
5457060,50.58638,15.98638
5435065,49.021958,15.6067298
5435202,49.50388,17.93277
5456141,50.38194,14.54166
5456151,50.37333,14.55083
5454212,50.76111,15.04555
5455152,50.75333,15.03277
5454222,50.74722,15.06138
5457090,50.59638,15.94611
5453254,50.1275,15.18277
5433982,49.87861,17.06194
5473326,50.13027,13.26972
5453139,50.56416,14.04055
5455449,50.41027,14.05472
5455499,50.4075,14.03722
5476864,49.87527,13.99166
5455900,50.48527,15.16222
5455390,50.49,15.30277
5455391,50.50027,15.3
5455690,50.3565536,15.2153949
5455309,50.44861,13.83027
5454436,50.19972,14.36416
5454456,50.18944,14.3725
5453058,50.41416,14.43555
5475392,49.38138,14.61944
5474072,49.1052715,14.2325514
5457039,50.57194,14.28472
5456620,50.5560862,15.4175667
5453430,50.0972682,16.6589782
5433672,49.230371,18.0430107
5433682,49.2096588,18.0529852
5434977,49.75166,16.7125
5434054,50.13638,17.61388
8101073,48.2902408,14.2918619
5475142,49.0201601,13.7355975
5476365,49.64472,13.60944
5474812,48.63361,14.24305
5434042,49.52916,17.57277
5437135,48.90972,17.45833
5434052,50.22833,17.13055
5434062,50.24444,17.14333
5434072,50.22944,17.16055
5475005,50.02916,12.4575
5456599,50.99444,14.35805
5434914,50.22333,17.60861
5476764,49.90333,14.15527
5453300,50.08694,16.35777
5455839,50.55861,14.03333
5455213,49.87472,16.30388
5455203,49.88138,16.29277
5455223,49.88555,16.28
5457319,50.53694,14.11805
5457019,50.54083,14.13138
5453119,50.5325,14.13888
5434082,49.71277,17.07444
5434122,49.70138,17.07055
5434092,49.69416,17.07111
5434084,49.88722,17.73388
5454089,50.59277,13.61027
5453709,50.59111,13.61388
5454919,50.3462,13.6486735
5474702,49.44361,13.79
5454696,50.25083,14.53055
5434316,49.4005317,17.2873842
5456870,50.27277,15.82444
5476854,49.84638,13.97416
5454846,49.99333,14.16361
5474525,50.18972,12.7525
5474365,50.18555,12.75972
5454109,50.59305,13.66111
5454159,50.59694,13.64916
5475705,49.81722,12.68527
5473732,49.09111,14.73
5455780,50.52666,15.37416
5433332,49.87305,17.41916
5475455,49.82194,13.01611
5454067,50.33083,14.21944
5454149,50.59305,13.63111
5474495,50.0387524,12.8273385
5437155,48.91222,17.485
5433605,49.41027,17.71527
5454321,50.55861,15.05638
5433984,49.795,18.58666
5454599,50.36111,13.82277
5454609,50.35,13.79638
5454619,50.3431943,13.768063
5454639,50.35361,13.80611
5473805,49.36555,13.11555
5474375,50.20361,12.75166
5433942,50.05638,17.08388
5433972,50.08888,17.09111
5433962,50.06888,17.08666
5474792,48.62055,14.25666
5474802,48.62444,14.24527
5455859,50.50944,14.05944
5455879,50.52111,14.04472
5455889,50.51861,14.04222
5456999,50.51027,14.08111
5456420,50.17027,15.38222
5474492,49.2012112,15.050697
5474502,49.20996,15.058117
5105550,50.7063848,16.0032685
5473306,50.12611,13.32722
5473316,50.12944,13.30666
5476184,50.07833,13.69583
5476745,50.25333,12.40083
5473725,49.36416,13.30555
8016547,53.334718,11.4945852
5476485,50.217847,12.587572
5454822,50.89166,15.15166
5434755,49.09861,17.75166
5473405,50.03472,13.02916
5434785,49.36944,15.70972
5455746,49.86472,14.4625
5455929,50.5025,14.09305
5434162,49.825,16.91638
5453340,50.04916,16.48416
5456440,50.19,15.48666
5454003,49.87972,16.605
5103990,51.9414505,22.3903364
5434815,49.24833,16.92277
5453993,49.86777,16.84111
5434395,49.51861,17.03055
5455072,50.73972,15.22833
5454225,50.31833,14.94611
5475365,49.54833,13.31444
5454346,50.32111,14.40472
5454842,50.88638,15.16444
5434825,48.8275,17.06222
5473722,49.05361,14.75
5453456,50.14472,13.77027
5435152,49.2429302,18.0202232
5455232,50.78083,14.78777
5453114,50.19555,14.84222
5453124,50.2,14.80138
5456480,50.42611,15.57722
5474975,49.99305,12.61388
5454786,50.16833,14.71138
5456041,50.44611,14.81027
5454233,49.55611,15.53833
5437055,49.21583,17.76944
5453020,50.14138,16.10222
5433974,49.69777,18.32833
5454431,50.46277,15.04555
5475562,49.42111,14.37111
5456572,50.64722,15.21222
5617545,49.1911853,18.2278694
5475082,49.1090866,13.8672947
5455076,49.86361,14.71555
5457592,50.78722,14.98416
5457582,50.7875,14.97138
5473692,48.95055,14.86805
5473962,48.96472,14.8575
5613086,48.4330165,17.0232184
5100787,54.0359714,19.0431501
5455890,50.49333,15.18722
5475072,49.1238404,13.8832937
5456306,49.90722,15.23083
5473286,50.11333,13.38111
5473675,49.29916,13.36722
5474082,49.0919071,14.2182705
5456036,49.82194,14.93194
5456928,50.48694,14.92277
5455666,49.80944,14.26888
5433172,50.0100715,17.3172798
5456552,50.63388,15.19194
5456229,50.74222,14.2725
5456119,50.67138,14.16805
5433774,49.93194,17.94555
5457410,50.52944,16.05055
5455899,50.53805,14.05638
5434795,49.40222,15.63138
5474892,49.10777,15.4475
5475665,49.78694,12.65777
5474392,49.138181,15.113031
5453028,50.33305,14.52583
5475402,49.35972,14.58555
5434844,49.63555,17.87583
5433515,49.14916,16.97333
5613490,48.8947009,21.0133237
5474405,49.95666,12.69444
5474415,49.9588609,12.7044913
8016829,50.0044648,12.082401
5456279,50.77222,14.34611
5613013,49.0650269,18.9154544
5436695,49.37,16.04388
5456930,50.58055,15.54083
5454177,50.3800593,14.1410404
8016877,49.1980821,12.1077537
5473192,49.40138,13.88583
5476635,49.51833,12.89861
5476645,49.51,12.875
5454663,49.97444,15.7675
8016920,50.5440614,12.0364612
5613836,48.836908,17.919443
8707357,43.774703,7.4931157
5473505,50.32666,12.865
5434047,49.70305,16.74194
5453710,50.62638,16.24222
5475982,48.7887112,14.240416
5475512,49.44777,14.58027
5455256,49.53305,14.66083
5476355,49.65472,13.62277
5616730,48.7507218,21.8984945
5107946,50.3535965,20.0107404
5105540,50.6693093,16.1933497
5106906,50.1728595,18.8992953
5106907,50.1942485,18.9231576
5434855,48.80194,16.62527
5454219,50.69333,13.72361
5454239,50.70222,13.70194
5434232,50.30222,17.32
5456549,50.98416,14.33666
5456559,50.9564439,14.3902614
5456569,50.9623488,14.357537
8301820,45.4335862,9.2380891
5474775,49.46666,12.98444
5473362,49.1725,14.22055
5475552,49.44138,14.3775
5473915,49.46194,13.60805
5474435,49.9603453,12.761616
5453356,50.2025184,13.667487
5433822,49.53416,17.83527
5434252,50.01416,17.55722
5454414,50.22916,14.88166
5474895,49.74305,12.94027
5476914,49.63222,14.02194
5457169,50.65777,14.71444
5455166,49.66694,14.53916
5454772,50.95055,15.02888
2114020,53.8904864,27.5489449
5434875,48.935,16.3625
5473022,49.50972,14.03416
5476315,49.7,13.66611
5476325,49.68972,13.66277
5455036,49.91027,14.71972
5456416,49.86027,15.00472
5456426,49.86555,15.04833
8017068,50.9232,14.7413
5105720,50.14409,16.6549623
5104083,51.9759905,22.7858401
5103900,52.1759715,21.5525422
5434064,49.89444,17.7125
5434132,49.70388,17.00277
5434142,49.70277,17.01416
5453450,50.0924635,16.6295335
5475145,49.98666,13.36388
5475135,49.97166,13.34611
5454451,50.40722,14.88694
5455991,50.41916,14.91555
5454441,50.44777,14.88722
5457230,50.60694,15.84111
5434907,49.825,16.58805
5455860,50.48083,15.22611
5434952,49.75833,17.235
5456290,50.3175,15.22055
5453550,50.0038233,16.7480261
5456419,50.81138,14.49805
5454356,50.31861,14.34666
5454107,50.35972,14.27583
5475692,49.16916,14.88277
5455016,49.9325,14.70694
5454351,50.51833,14.97805
5455636,49.85361,14.26972
5454862,50.83222,15.06527
5454796,50.1364645,14.7947019
5454746,50.1452139,14.7693406
5473442,49.25638,13.97638
5434945,49.13333,16.60611
5434282,49.77666,16.94277
5455809,50.67833,14.12638
5473655,49.27527,13.46694
5455676,49.79638,14.23638
5434864,49.90944,18.03083
5454229,50.71777,13.69138
8707352,43.738234,7.4195921
5453673,50.00194,15.94638
5434292,49.75805,16.96833
5433467,49.62305,16.52444
5434955,48.79944,17.02194
5434967,49.76638,16.66611
5434985,49.085,16.42888
5435005,49.0575,15.80916
5434302,49.78416,17.43222
5453530,50.0258638,16.7530898
5435105,49.04638,16.33805
5435125,48.97694,17.31444
5435135,48.99055,17.32944
5501347,47.849421,17.2675871
5453399,50.51138,13.65777
5453699,50.5433435,13.6220944
5454099,50.5649647,13.6236367
5456710,50.49111,15.69222
5434104,49.52416,18.75111
5434114,49.50777,18.75138
5433662,49.52861,18.06833
5434603,49.68472,18.105
5455066,49.83222,14.69777
5454163,49.65694,15.37361
5474455,49.9638389,12.8325733
5454806,50.13638,14.69138
5474832,49.01555,15.37805
5455028,50.2171284,13.7045015
5453386,50.1874916,13.7025124
5435145,48.90444,17.03972
5435155,48.91194,17.02638
5475535,49.54472,12.77305
5614376,48.763663,17.5709962
5434152,49.67777,17.04833
5474940,49.20777,15.48638
5473032,49.52861,14.02472
5455296,49.76472,14.72305
5107350,50.2378389,19.1416677
5453529,50.44166,13.33055
5454263,49.57916,15.61833
5474065,50.23944,12.76388
8103144,47.6079138,15.6772482
5473175,49.78333,13.74027
5455576,49.91083,14.38361
5453337,50.2673122,13.5336988
5453929,50.4286307,13.1300389
5453939,50.4272166,13.107461
5456171,50.34416,14.54638
5453018,50.35277,14.49222
5453048,50.375,14.4675
5434326,49.34361,17.24694
5456361,50.21055,15.3
5434837,49.715,16.72444
5455326,49.73083,14.80444
5475994,50.05,13.85694
5434034,50.16805,17.57861
5454726,50.20555,14.51333
5456091,50.43555,14.64055
5454157,50.3616543,14.1330149
5453890,50.35333,16.1375
5435385,49.56833,16.08027
5510470,47.7910806,18.9588872
5435185,49.16305,17.50472
5475492,49.45027,14.63944
5475945,50.11722,12.47833
5456131,50.38611,14.58944
5434057,49.65722,16.78027
5435205,49.0325,17.375
5435215,49.45416,16.33583
5456600,50.584193,15.3519787
5474205,50.31888,12.7275
5474215,50.32888,12.72222
5474265,50.34805,12.76944
5474255,50.34916,12.75111
5474195,50.31083,12.75
5474245,50.34111,12.73027
5474512,49.221002,15.060085
5473905,49.43833,13.61027
5454366,50.28333,14.30861
5454386,50.2625,14.30222
5433022,49.55861,17.24416
5473685,49.28472,13.34388
5435245,49.13277,17.11416
5456340,50.38722,15.36027
5614476,48.9677329,18.121801
5473512,49.12472,14.60416
5473925,49.49722,13.60861
5456201,50.37388,14.91111
5454686,50.2625,14.5175
5454687,50.25583,14.52166
5454688,50.2578276,14.50755
5435265,49.14916,17.08055
5476784,49.875,14.12861
5474102,49.0540785,14.1900475
5474642,49.0650025,14.2160925
5454616,50.26,14.42138
8017573,54.0763188,9.9801573
5476844,49.85,14.01166
5453936,50.24055,14.21777
5433525,49.13666,17.04805
5435285,49.33555,17.16138
5435365,49.02194,17.74888
5473705,49.32555,13.29944
5476405,49.64222,13.51638
5455779,50.66972,14.14111
5455799,50.6725,14.10694
8707337,43.7047452,7.2615981
5615306,48.301489,18.0792408
5475062,49.1501309,13.905967
5476064,50.00333,13.99833
5454006,50.16,14.27777
5455192,50.76,14.94166
5435415,48.82555,16.49416
5474212,49.34111,15.28638
5474462,49.0192726,15.1110196
5474272,49.42555,15.1175
5435012,49.83555,17.07222
5476295,49.71694,13.63777
5456769,50.83055,14.58583
5456670,50.48638,15.52277
5456680,50.49444,15.5125
5475892,48.7899072,13.9534565
5474085,50.27361,12.78
5474185,50.29111,12.75583
5473642,48.81166,14.92277
5455062,50.72388,15.19361
5455810,50.51888,15.40777
5455656,49.82722,14.27
5453176,50.05472,15.15055
5453869,50.495619,13.2647423
5454103,49.78333,15.40416
5474182,48.92111,14.52888
5474522,49.2368768,15.0668753
5474235,50.35694,12.71916
5434272,50.024747,17.526851
5474192,48.95194,14.49833
5474122,48.82277,14.80944
5455939,50.49722,14.11916
5433912,50.11611,17.00527
5613816,48.751491,17.8361
5435395,49.56472,16.06
5453060,50.15,15.50194
5454562,50.92472,15.22416
5454376,50.30138,14.31638
5474395,50.21416,12.74555
5453486,50.15194,13.88166
5613436,47.9951189,18.1742229
5473952,48.8294433,13.7939818
5456789,50.76055,14.54722
5456430,50.24472,15.48583
5476685,50.14694,12.39916
5433522,49.3407433,18.2040867
5433532,49.3345406,18.177444
5434144,49.59861,18.00888
5476725,50.22027,12.42083
5473585,49.47722,12.8125
5434352,49.94583,17.03444
5454856,50.02416,14.22583
5454866,50.015,14.21277
5453214,50.19333,15.04527
5454554,50.18444,15.03333
5453840,50.41722,16.17083
5453870,50.40833,16.15222
5453860,50.42694,16.19194
5453850,50.44166,16.1925
5434312,49.59777,17.07027
5435175,49.20694,16.1475
5455272,50.6762137,15.3193415
5433415,49.1010277,18.0444214
5433624,49.58972,18.75444
5436855,49.33638,16.27055
5435767,49.555,15.79888
5476955,49.29694,13.15305
5474595,49.71472,13.20944
5435235,49.34472,17.21638
5475095,49.87138,13.4025
5105878,51.2996135,16.907326
5400702,49.4289295,14.9534616
5474632,49.42888,14.95361
5474652,49.424455,14.948472
5454509,50.5042567,13.7006822
5455931,50.44638,15.07333
5434872,49.64361,17.07166
5434164,49.66972,17.83333
5434170,49.685,17.80916
8018057,50.413292,12.1590451
5456470,50.33361,15.50694
5476655,49.51305,12.85
5454759,50.5891105,13.8420654
5456879,50.52722,14.67444
5454193,49.63055,15.48694
5435445,49.24777,15.77083
5435465,48.90305,15.94972
5455136,49.66666,14.62388
5453319,50.63944,13.76388
5454872,50.85527,15.09166
5455083,49.72833,16.19388
5455959,50.4775,14.19388
5457470,50.45722,16.08416
5435405,49.56166,16.12388
5453436,50.149412,13.6956575
5434362,49.5925,17.27833
5434372,49.59388,17.24111
5434382,49.60194,17.23694
5434402,49.58722,17.24416
5433032,49.57083,17.26083
5434412,49.58555,17.25444
5434392,49.61638,17.22388
5453926,50.2325,14.24472
5454576,50.24666,14.25361
5476505,50.2546128,12.5582596
5106850,49.960371,18.3388761
5436385,49.16083,16.44666
5475262,48.725,14.4475
5434242,50.27222,17.34333
5435532,50.26277,17.35333
5455239,50.54222,14.01277
5454313,49.815,16.48583
5454810,50.15583,15.78361
5456880,50.16527,15.78888
5434194,49.93416,17.90916
5434014,49.92916,17.93472
5434234,49.93861,17.88833
5434204,49.91777,17.95944
5436506,49.41797,17.282223
5104895,51.3591368,20.232588
5106060,50.6616475,17.9272072
5453930,50.27833,16.08555
5454989,50.3124807,13.7338812
5106900,50.1543853,18.7776893
5476144,50.10694,13.54444
2116640,54.5207406,30.3762318
5454119,50.61361,13.70805
5454169,50.62583,13.68472
5434642,49.51694,17.52361
5455720,50.3695471,15.1631197
5456301,50.24166,15.08611
5436705,49.33861,15.98833
5436715,49.31888,15.96666
5476424,49.59666,13.92638
5434294,50.26805,17.72222
5105879,51.3383564,16.8656288
5476814,49.83611,14.08166
5436865,49.32972,16.16777
5455162,50.76305,15.01277
5434364,49.85111,18.26611
5438034,49.8506705,18.267072
5434394,49.82888,18.28277
5434424,49.77888,18.34
5434414,49.79,18.29138
5434374,49.80944,18.29666
5434384,49.83666,18.23916
5434393,49.83472,18.28055
5434434,49.82111,18.21027
5434444,49.84194,18.19555
5435044,49.80138,18.26222
5434273,49.795614,18.230829
5434464,49.53777,18.39333
5434494,49.55055,18.38
5455540,50.36888,15.54444
5475855,50.30166,12.9575
5435505,49.49555,15.99194
5476944,49.61472,14.00861
5435555,49.00944,17.43638
5435565,49.0175,17.44555
5434472,50.18333,17.05055
5453154,50.1875,14.8925
5104590,51.6492473,17.8056254
5474755,49.5175,13.04277
5435475,49.42305,17.7425
5434224,49.91888,17.86944
5453054,50.20583,14.74611
5435575,49.2025,17.53111
5435635,49.20027,17.54694
5473435,50.03888,12.88694
5454516,50.21,14.27
5475882,48.8063096,13.9387838
5474445,49.9566253,12.7849823
5473872,48.9407535,14.0545013
5453034,50.25361,14.61416
5454040,50.24333,16.06305
5105827,50.9305884,17.2977609
5434585,49.35027,16.13666
5474915,49.78611,12.84583
5454826,50.11611,14.61055
5474292,49.45972,15.01694
5475522,49.4475,14.535
5456489,50.9483632,14.4630318
5614416,48.7806242,17.6438356
5453613,50.03166,15.7575
5454633,50.02416,15.75083
5453623,50.03027,15.66944
5453643,50.03111,15.78888
5454613,50.04527,15.74277
5457600,50.06166,15.74805
5453633,50.03166,15.72388
5453663,50.02722,15.83055
5434514,49.73611,18.30305
5453646,50.095,14.16527
5474925,49.82111,12.78
8103135,47.696056,15.8632084
5473895,49.39111,13.62027
5455806,49.83361,14.62555
5454190,50.12194,16.30555
5474252,49.41944,15.22222
5475902,48.7835295,13.9866681
5474275,50.36555,12.77333
5475655,49.77083,12.67916
5457179,50.6775,14.71805
5453707,50.33583,13.95861
5475816,50.3675,13.11277
5454223,49.57611,15.5525
5475206,50.1353317,13.4340649
5434922,50.00416,17.04
5434522,50.00055,17.03027
5455726,49.87916,14.42833
5437105,48.87888,17.27361
5455716,49.87638,14.41055
5453190,50.17361,16.04583
5476945,49.32,13.17861
5434524,49.89416,18.54916
5474132,48.84555,14.75583
5457070,50.60166,16.00333
5474852,49.04444,15.39777
5453116,50.08972,15.02694
5613746,48.5962867,17.8147969
5473545,49.41444,12.85861
5457000,50.53416,15.81277
5454262,50.72722,15.03527
8018383,50.9624776,13.9284303
5433195,49.037462,17.843116
5433075,49.38722,17.18861
5473602,49.35388,14.70611
5474945,49.86166,12.73
5475115,49.93083,13.37944
5455543,50.00888,15.96138
8018411,50.5060324,12.1296639
5455252,50.70138,15.3175
5455823,49.52888,15.39861
5456586,50.04916,15.01583
5456606,50.04527,15.02388
5454090,50.03861,16.16194
5474035,50.21083,12.34444
5476035,49.77694,13.16555
5476032,48.8641493,14.3509237
5457029,50.54972,14.20583
5455680,50.23472,15.7925
5455820,50.51416,15.38666
5455906,49.87833,14.875
5473275,49.74333,13.38777
5475295,49.73666,13.37472
5475046,49.78638,13.38527
5475045,49.76805,13.40027
5473265,49.75861,13.41611
5475305,49.72166,13.38305
5474655,49.74027,13.3675
5473995,49.72444,13.41916
5474815,49.75138,13.30333
5475055,49.80388,13.39611
5474665,49.74166,13.34777
5475315,49.71305,13.33666
5474656,49.74722,13.32638
5475525,49.51333,12.81138
5435382,50.075003,17.448234
5473795,49.34611,13.13555
5475236,50.2235185,13.4043592
5473045,50.25277,12.17611
5457210,50.60055,15.62444
5435605,48.83722,16.85388
5453580,50.0904973,16.8492882
5453836,50.21805,14.15555
5455379,50.46916,13.95666
5453234,50.14916,15.12416
5435637,49.60027,15.65694
5454253,49.61027,15.615
5454143,49.65083,15.45611
5453950,50.29138,16.07861
5454843,49.79333,15.98111
5434454,49.77888,18.19
5453089,50.51083,14.2675
5454656,50.20444,14.61
5475952,48.7994496,14.1203132
5453800,50.51305,16.21166
5433246,49.45055,17.86805
5434775,49.0685287,17.7112159
5456356,49.92416,15.25916
5455063,49.71861,16.26444
5475962,48.7986248,14.1479747
5434544,49.57416,17.85583
5453579,50.3364023,13.3505069
5455113,49.72055,16.32555
5475037,50.08611,12.27194
5455103,49.72111,16.29111
5457150,50.64861,15.45694
5457140,50.66666,15.45083
5436355,49.155,16.75
5475752,49.22027,15.17833
5436255,48.92388,16.66888
5433165,49.0806882,17.9668906
5435825,49.10277,16.60555
5434615,49.04611,17.52722
5614396,48.7760627,17.6156971
8018456,50.943243,14.137693
5473425,50.03527,12.93305
5454909,50.36027,13.69138
5434515,49.32055,17.36138
5455286,49.73777,14.78222
5473575,49.45888,12.81472
5435512,49.91,16.92277
5436545,49.1544134,18.0426226
5475155,50.02388,13.37472
5453280,50.08361,16.315
5474305,50.43,12.73888
5474295,50.41888,12.73416
5433562,50.08,16.96333
5474485,50.0182497,12.8220058
5436265,48.94111,16.63111
5617695,49.1228446,18.4313714
5455769,50.67055,14.15694
5455789,50.6875,14.1875
5436235,49.23916,16.04111
5454859,50.4153922,13.6860807
5475762,49.23694,15.21222
5474312,49.42138,14.86527
5453096,50.11111,14.92222
5455096,49.83722,14.67638
5455816,49.84166,14.65138
5435685,48.75055,16.85194
5476122,49.25777,13.84972
5473832,49.0151405,14.0084318
5473842,49.0056119,13.9976648
5455773,49.89388,15.63361
5455819,50.5725,14.03611
5457236,50.0875,14.43444
5457076,50.0825,14.43527
5457016,50.02777,14.40666
5457036,50.10222,14.43916
5454136,50.09944,14.43916
5453016,50.08222,14.59833
5453006,50.08361,14.61777
5457116,50.06444,14.36194
5457066,50.09666,14.39944
5453036,50.08805,14.56944
5457261,50.065583,14.470797
5457086,50.04027,14.38666
5457256,50.11055,14.43944
5457046,50.1060856,14.4374138
5454946,50.03277,14.34861
5457346,50.04777,14.56555
5457096,50.055,14.53555
5457107,50.05555,14.37166
5457287,50.04222,14.46333
5457356,50.13472,14.55583
5453056,50.08694,14.66361
5454976,50.01361,14.62611
5455526,49.99027,14.40416
5457156,50.03388,14.44611
5457366,50.0975,14.54277
5457176,50.10055,14.50138
5457386,50.00333,14.40305
5457027,50.11222,14.39555
5453256,49.98583,14.36416
5457206,50.08388,14.31027
5454766,50.12277,14.57138
5454506,50.13166,14.39444
5457226,50.06111,14.40777
5458117,50.063164,14.4067061
5457146,50.06111,14.34083
5457306,50.0675,14.49055
5454956,50.03361,14.59111
5457266,50.095,14.34638
5457396,50.00694,14.38805
5457276,50.065,14.44638
5457316,50.11222,14.49722
5457106,50.055127,14.377841
5457279,50.062291,14.503587
5455536,49.97055,14.39972
5454046,50.06416,14.29722
5457336,50.14861,14.51944
5454926,50.03222,14.30805
5453026,50.04722,14.40472
5453110,50.175,15.73138
5473124,49.86861,13.92888
5433495,48.84833,16.37027
5473772,49.1474037,14.1407132
8101588,48.3559519,14.5226531
5615750,48.9834031,21.2489735
5453299,50.66083,13.83777
5434652,49.50277,17.48472
5455129,50.63083,13.84222
5454833,49.8325,15.96166
5455132,50.72833,15.11555
5455776,49.86361,14.53222
5456980,50.54722,15.69611
5435705,49.4725,17.12944
5435725,49.47888,17.11138
5453470,50.0990652,16.7538777
5473345,50.08944,13.20694
5473382,49.2125,14.21166
5473372,49.19638,14.2225
5436455,49.41861,16.36694
5108443,49.7934749,22.7737284
5108310,50.0671607,22.5032323
5433394,49.61694,18.36166
5107590,49.974984,18.9534358
5435775,49.53027,16.95694
5100670,54.7148824,18.4086265
5475984,50.055,13.81666
5455053,49.75444,16.08166
5455153,49.75222,16.09277
5475662,49.26333,14.13111
5456486,49.96722,15.10583
5455056,49.86111,14.69861
5453746,50.29083,14.02916
5455509,50.37666,13.93638
5475652,49.29611,14.14305
5474662,49.30805,14.14888
5475642,49.31361,14.16138
5473092,49.3125,14.13583
5475653,49.32694,14.11027
5434562,50.27861,17.25972
5617725,49.1137422,18.3272612
5475872,48.8485328,13.9107404
5453629,50.3194169,13.3452197
5454150,50.16083,16.41916
5475425,49.78861,13.09027
5474855,49.78638,13.12916
5456246,49.85527,15.22416
5455023,49.82416,16.01861
5456860,50.2525,15.81777
5475022,49.2181902,13.8940183
5474635,49.72333,13.12472
5453513,50.03972,15.57388
5434662,49.44694,17.445
5453030,50.1525,15.40722
5475355,49.575,13.3225
5475345,49.60055,13.29888
5435737,49.56944,15.7425
5435747,49.57916,15.7175
5434574,49.63583,18.14222
5476904,49.68888,14.00305
5474953,49.6733425,14.000562
5434702,49.63777,17.14527
5476345,49.66277,13.65055
5476335,49.67027,13.66555
5453406,50.1400011,13.6345927
5433265,49.34333,15.74138
5476012,48.8291176,14.3413054
5476194,50.07111,13.67777
5454332,50.57888,15.07861
5475242,48.68111,14.44416
5456310,50.345,15.29555
5476124,50.10416,13.59805
5455740,50.380558,15.1047
5106870,50.0903312,18.2263782
5455189,50.58027,14.00305
5453136,50.07333,15.00722
5474920,49.14611,15.47166
5106846,50.0412504,18.4946733
5474155,49.85777,13.59638
5473242,49.32,13.94833
5473252,49.31305,13.9325
5453669,50.2980528,13.2768776
5436205,49.13416,16.46138
5474352,48.90083,14.61166
5476834,49.83805,14.0175
5475012,49.2323573,13.9020183
5457320,50.57527,16.06
5455853,49.5475,15.50944
5437045,49.56166,16.03361
5435815,49.08527,16.60527
5434646,49.43166,17.7975
5476094,50.09888,13.73583
5453466,50.10472,13.75055
5476254,50.10138,13.71416
5435625,48.86666,16.82138
5435835,49.01416,16.345
5434482,50.19333,17.06361
5475860,49.40638,15.51277
5435855,49.18333,16.2575
5434532,50.01555,17.03305
5434512,50.00972,17.03083
5454812,50.89638,15.13027
5456396,49.84361,14.95027
5456406,49.84944,14.97888
5456016,49.84444,14.94777
5456026,49.83972,14.94111
5456476,49.98138,15.16027
8018662,50.926326,14.131106
5104430,51.6092258,16.8393481
5476044,50.02472,13.92305
5433252,50.04,16.9125
5473412,49.24444,14.10805
8018720,49.1221161,12.1251727
5476874,49.80888,13.97027
8102667,48.7536476,15.9571433
5474625,49.72388,13.14166
8018953,49.2139885,12.514254
5474542,49.275722,15.080054
5475712,49.16805,15.0525
5473852,48.9780193,14.0385948
5435875,48.89277,17.19833
5435895,48.89222,17.21222
5435885,48.88333,17.17861
5456021,50.43694,15.10722
5473222,49.34833,13.95
5473205,49.74,13.59166
5476275,49.73222,13.60333
5457110,50.71194,15.42277
5433152,49.46083,17.37361
5454140,50.16138,16.46527
5455730,50.3680091,15.1339601
5455443,49.89472,15.52805
5455433,49.8925,15.54333
5435757,49.56611,15.77416
5434584,49.71222,18.61638
5433254,49.71638,18.62611
5434594,49.69361,18.59638
5436925,49.17888,16.38305
5453086,50.07833,14.80361
5476515,50.2870409,12.535456
5454257,50.42638,14.26444
5454137,50.42138,14.25861
5454277,50.42861,14.28194
5454127,50.41666,14.25277
5473582,49.29694,14.715
5435905,49.19694,16.86777
5455310,50.53194,15.26333
5455533,50.02888,15.96944
5433565,49.5475,16.17277
5434745,49.60222,16.53194
5454943,49.66972,15.6325
5433575,49.53722,16.195
5434847,49.72833,16.73111
5105744,50.1876458,16.6657548
5456910,50.55444,15.49
5476014,50.02333,13.87388
5454466,50.15944,14.39833
5454496,50.16777,14.365
5474742,48.62638,14.36305
5476444,49.60194,13.88194
5434782,49.46027,18.13444
5435925,49.47277,16.24527
5456271,50.29916,15.18027
5454739,50.6016369,13.9124461
5457440,50.51555,16.07305
5457460,50.49944,16.09111
5434812,49.98361,16.88861
5433192,50.0358585,17.4012041
5433222,50.0230519,17.3388614
5454916,50.03916,14.2425
5454896,50.035,14.23555
5453943,49.89222,16.5725
5106794,49.9403201,18.3032254
5436735,49.29777,15.95083
5456459,50.95666,14.54972
5453740,50.62472,16.26777
5453889,50.450211,13.168619
5613041,49.0836076,19.3091038
5106820,50.0889081,18.547546
5106809,50.1027883,18.5656133
5106805,50.0562133,18.4971621
5106800,50.0666138,18.5153637
5456719,50.88277,14.50972
5454180,50.12722,16.34305
5475232,48.64944,14.43166
5454120,50.16611,16.27055
5454110,50.15777,16.27361
5454232,50.68361,15.14388
5456790,50.36055,15.96888
5455626,49.85694,14.28138
5453506,50.13916,13.92611
5455222,50.78888,14.83138
5474242,49.39444,15.23138
5102580,52.3499173,14.8152866
5108266,50.0432134,22.0058076
5435075,49.0239234,15.6872263
5454242,50.69416,15.10833
5435805,49.40833,16.6275
5434832,49.92944,17.28416
5473455,50.2675,12.89083
5473465,50.27555,12.88027
5455630,50.29527,15.69361
5454514,50.13111,14.98666
5474995,50.02722,12.50305
5475000,49.33,15.48444
8101119,47.8119757,13.066301
5455916,49.88611,14.835
5455986,49.86111,14.91638
8019343,50.07731,12.2294033
8019401,50.8895711,14.2287665
8019537,49.3263177,12.1038045
8019433,50.875881,14.2346784
8019626,50.976,14.2725
5453149,50.59277,14.05333
5436665,48.77444,16.69916
5455349,50.4875856,13.7039647
5474115,49.80611,13.5275
5474950,49.22472,15.49555
5454292,50.63638,15.09888
5473202,49.38444,13.93638
5473212,49.37805,13.94444
5434608,49.67611,18.08916
5453703,49.99,16.06388
5455176,49.65583,14.43416
8019678,50.9358,14.6138
8019685,50.1888701,12.1196805
5454323,49.84777,16.47416
5455389,50.4523381,13.8878005
5456590,50.60333,15.32388
8103141,47.6395943,15.8308831
5456580,50.33138,15.87722
5476615,49.53416,12.98361
5455370,50.51777,15.28
5434862,49.62138,17.09972
5434882,49.6325,17.08611
5455026,49.89694,14.7275
5476104,50.09527,13.64666
5474432,49.0660241,15.1577778
5475542,49.44055,14.42
5473612,49.37944,14.69722
5103940,52.1619594,22.2715732
5435975,49.10805,16.4625
5455359,50.4405001,13.7976012
5614366,48.8497783,17.2184565
5435985,49.48027,16.60944
5456799,50.74138,14.52138
5476705,50.16611,12.36861
5456011,50.43194,14.75527
5436055,49.43722,16.05361
5455566,49.92472,14.37611
5105882,51.3870459,16.8489048
5434614,49.65638,18.12833
5455484,49.90555,15.46
5456101,50.44277,14.66416
5434712,49.63861,17.17472
5435392,50.052115,17.484334
5434664,50.01805,17.77694
5454539,50.4627878,13.7462705
5476774,49.88833,14.1475
5476434,49.5975,13.90472
5455013,49.8375,15.99472
5476565,49.71305,12.81361
5473392,49.22361,14.165
5456450,50.27166,15.49861
5473882,48.9470881,14.0180091
5453806,50.22833,14.07555
5453826,50.22611,14.10194
5475382,49.38472,14.62888
5454170,50.13666,16.3775
5455529,50.42972,14.06083
5455313,49.975,16.16305
5433462,49.56694,17.10888
5454683,49.91888,15.825
5474910,49.13083,15.46222
5436075,49.07388,17.89916
5436105,49.14472,16.87333
5434024,49.91666,17.84805
5455863,49.52055,15.45583
5474822,48.99361,15.34888
5455539,50.36027,13.90055
5473151,49.52277,13.89472
5454130,50.14694,16.24194
5434354,50.21194,17.68305
5613443,48.6142013,19.1495113
5456410,50.175,15.36638
5106014,51.0306256,17.0661408
5473052,49.44583,14.08138
5456460,50.295,15.49527
5473395,50.04944,13.05055
5456800,50.30027,15.85805
5456255,49.66055,15.34888
5455022,50.74,15.24361
5454992,50.73472,15.28027
5455012,50.73166,15.25472
5455292,50.735,15.24944
5474342,49.41583,14.73527
5455880,50.46527,15.16777
5434892,50.0175,17.065
5454913,49.69833,15.75972
5455560,50.37527,15.51861
5473572,49.25527,14.72583
5456076,49.78972,14.96055
5436125,49.10777,16.73333
5476455,50.18583,12.64444
5454100,50.20361,16.25388
5454105,50.19972,16.25638
5454999,50.2514146,13.7480715
5100594,54.4400543,18.5623213
5453290,50.07027,16.34027
5107465,50.27895,19.1263859
5475212,48.9079788,13.8291485
5613360,48.9503206,20.5615132
5435195,49.14222,17.495
5473902,48.9260301,13.9694656
5455290,50.6341183,15.3007972
5473855,49.41555,12.98583
5453196,49.93694,14.13111
5473935,49.52444,13.59166
5456849,50.63694,14.58444
5453823,49.98972,16.17083
5434902,50.16222,16.94194
5436145,49.07611,17.42277
5433414,49.69416,17.93166
5454729,50.6169461,13.9696498
5105643,50.5633556,16.9467303
5476905,49.38416,13.01055
5457480,50.41111,16.10055
5453044,50.20972,14.69222
5455686,49.78555,14.19833
5456640,50.51555,15.48666
5474165,50.24555,12.83555
5614406,48.7731784,17.7003709
5454643,50,15.75694
5456519,50.9477604,14.4918209
5456350,50.40583,15.35277
5475645,49.73972,12.70111
5456869,50.58694,14.62944
5453464,50.01083,15.29527
5473985,49.695,13.47833
5456259,50.72055,14.37472
5476585,49.5475,13.07166
5436165,49.195,15.80416
5473114,49.88583,13.95944
5475015,50.04944,12.44083
5475196,50.1198472,13.4129964
5475582,49.39277,14.32472
5453496,50.14111,13.96527
8102653,48.3822972,16.2132824
5474715,49.63944,13.155
5473942,48.8588269,13.8207966
5476234,50.01416,13.52722
5475475,49.85138,12.97888
5476102,49.255,13.91611
5455006,49.94944,14.6775
5453144,50.18722,14.90777
5454057,50.36166,14.24222
5435795,49.54277,16.92833
5455306,49.76194,14.74861
5473812,49.0810917,14.0607946
5475033,49.2101154,13.8875055
5454893,49.73055,15.83361
5456269,50.69805,14.44972
5105980,50.7842124,17.0602369
5454892,50.78833,15.02555
5475835,50.34027,13.05916
5475625,49.66527,12.7725
5437095,48.8975,17.31861
5616010,48.8676501,21.8248599
5436225,49.22222,16.06888
5473055,50.2775,12.17694
5434694,49.7075,18.06638
5433054,49.71611,18.065
5474135,49.82611,13.57694
5457119,50.62972,14.4375
5456245,49.67027,15.31944
5456890,50.10416,15.7575
5474175,49.80611,13.54333
5456106,49.76,15.02194
5454026,50.12444,14.25444
5436185,49.15388,16.4825
5436186,49.15638,16.505
5433692,49.1762784,18.0998757
5454199,50.67027,13.74
5476152,49.305,13.77888
5455226,49.53833,14.62138
5434912,49.6975,17.15583
5455956,49.88305,14.85694
5435647,49.59722,15.68277
5474785,49.74111,13.00055
5433675,49.45888,15.62555
5474603,49.383258,14.946541
5433524,49.67861,18.56916
5474402,49.1342471,15.1348486
5473682,48.90194,14.88277
5473672,48.89194,14.88027
5434804,49.64194,17.93833
5457420,50.53222,16.00527
5474622,49.413589,14.953155
5456061,50.43777,14.74444
5473422,49.24916,14.05666
5437085,48.87166,17.24305
5475452,49.29472,14.54111
5455266,49.50861,14.66138
5455439,50.49916,14.03583
5474865,49.76222,13.06194
8101582,48.5573029,14.4488662
5473635,49.24666,13.54166
5476465,50.1901921,12.6247522
5476475,50.197436,12.607094
5433094,49.79972,17.66861
5433545,49.04527,18.03583
5473782,49.1380067,14.1038307
5454333,49.75888,16.47944
5454353,49.76333,16.455
5454343,49.79277,16.48694
5433477,49.73527,16.48305
5436005,49.49972,16.59805
5457220,50.62166,15.82027
5433564,49.9438312,17.6539195
5455048,50.1983314,13.6323166
5473195,49.755,13.65555
5474905,49.76277,12.91111
5456779,50.79027,14.59222
5618175,49.480223,18.792991
5475555,49.57416,12.76944
5456149,50.66194,14.09861
5456371,50.26833,15.1925
5454789,50.579009,13.7974833
5454996,49.96972,14.65722
5433202,50.0430781,17.3944643
5454133,49.67027,15.41722
5454183,49.66916,15.40166
5454153,49.69027,15.42416
5454282,50.62916,15.07833
5453230,50.13916,16.21805
5455800,50.51333,15.43666
5100110,53.3913468,14.6704623
5100010,53.4128741,14.5663608
5105876,51.2157095,16.9544591
5105622,50.819597,15.434218
5105618,50.83213,15.5205
5105619,50.827481,15.498856
5510504,47.8210817,18.861973
5455093,49.71777,16.21472
5453317,50.2537172,13.5731359
5453021,50.13,15.24111
5455966,49.875,14.90611
5435965,49.56277,15.8475
5455976,49.86916,14.89361
5454123,49.72972,15.39833
5105563,50.8134159,16.0698493
5475685,49.80194,12.63861
5475675,49.79388,12.6425
5475695,49.80611,12.66388
5456920,50.54583,15.465
5454952,50.74333,15.31083
5454982,50.73694,15.30527
5454902,50.76083,15.2675
5107100,50.4460325,18.8644041
5108063,50.0053772,20.9748532
5453126,50.09944,14.98361
5453973,49.85916,16.70972
5474712,49.43861,13.80972
5100711,54.0972478,18.7897812
5453717,50.31166,13.97166
5474930,49.1825,15.46444
5474900,49.17444,15.46222
5474032,49.1956571,14.3465591
5434992,49.53,17.74833
5453770,50.58138,16.17861
5457390,50.59277,16.17222
5457380,50.59666,16.14944
5453289,50.64638,13.82916
5455109,50.63361,13.81361
5474535,50.1514385,12.8486213
5474465,49.9756381,12.8599577
5104099,52.0740891,23.6011753
5436375,49.17194,16.40888
5454706,50.2675,14.55694
5436395,49.3475,16.41722
5436475,49.25361,17.50138
5474685,49.72416,13.24194
5453776,50.28555,14.12361
5476924,49.58861,13.9875
5474924,49.5981625,13.9944657
5455126,49.69888,14.65444
5435582,50.3225,17.1075
5454939,50.3018167,13.7283158
5456556,49.98527,15.01472
5473415,50.05055,12.99111
5436496,49.425898,17.2823045
5475415,49.42916,13.30916
5616640,48.6330653,21.7118782
5613826,48.8017168,17.8739792
5613886,48.9376155,18.1135922
5613866,48.896609,18.0517665
5613876,48.8878237,18.028285
5613896,48.9101016,18.088105
5613846,48.9006599,18.0225144
5473555,49.42,12.83944
5455386,49.7075,15.00944
5453239,50.6474906,13.9869951
5613676,48.369625,17.5847911
5457219,50.54333,14.17611
5456071,50.44444,14.71861
5474172,48.9025,14.58722
5435002,49.80472,17.07638
5435022,49.82555,17.0675
5436215,49.16305,16.52527
5434937,49.845,16.56944
5475445,49.81527,13.04694
5457020,50.565,15.91083
5457040,50.57777,15.945
5457050,50.57805,15.95972
5457030,50.57888,15.95833
5457250,50.590957,15.881807
5457100,50.56138,15.88805
5457290,50.58055,15.88805
5107750,50.1540182,19.4531632
5475955,50.11388,12.39972
5455233,49.88972,16.25972
5454036,50.13638,14.26833
5453076,50.07694,14.77027
5455583,49.97444,15.84972
5454300,50.58694,15.13833
5455320,50.57944,15.15166
5613083,48.8630028,18.8537875
5454949,50.3406223,13.5974223
5107370,50.1357681,18.9641781
5473622,49.41361,14.67722
5473634,49.40444,14.70361
5473613,49.39305,14.69277
5474052,49.2232971,14.4085217
5453474,50.03722,15.35916
5455786,49.83388,14.59277
5456305,49.88611,15.23583
5453180,50.15472,16.07388
5456159,50.69972,14.20305
5453420,50.0689969,16.6082094
5474762,48.61972,14.32194
5453160,50.2,15.98222
5475422,49.33361,14.5725
5435085,49.0208984,15.6571177
5455399,50.47388,14.00055
5455419,50.48138,13.98583
5454524,50.12527,14.96027
5476675,50.13138,12.40388
5454004,49.92972,15.34333
5453933,49.85805,16.4975
5455600,50.32722,15.70388
5473712,49.01527,14.76055
5473702,49.00722,14.77777
5453409,50.52361,13.58027
5455369,50.4575,13.90805
5436555,49.21138,15.88388
5436565,49.20888,15.85277
5474643,49.48166,13.61416
5435062,49.55055,17.11805
5434005,49.3175,17.52
5438006,50.200092,17.574195
5434894,50.19972,17.57361
5475595,49.62527,12.70138
5455413,49.87194,15.57638
5475065,49.81888,13.39444
5474980,49.29805,15.47638
5474970,49.28694,15.48194
5434924,49.68722,18.66166
5434944,49.66972,18.68166
5434934,49.70166,18.64111
5476042,48.8833391,14.3486394
5453683,49.98722,16.01444
5436575,49.06611,17.45777
5436585,49.02166,17.64333
5435495,48.98166,17.40333
5456386,49.88222,15.05972
5434346,49.369707,17.291221
8020444,50.9556028,14.2201073
5453626,50.105,14.13583
5435112,49.77916,17.11555
5435132,49.7775,17.14472
8102669,48.765206,16.00812
5474862,49.05333,15.41888
5435142,49.257933,17.9992674
5436635,49.1423727,18.0225516
5435162,49.47444,17.96083
5436645,49.1657887,18.0632686
5456649,50.98111,14.50694
5436655,48.74722,16.74277
5436675,48.74888,16.7625
5456179,50.67222,14.12194
5474965,49.97694,12.66472
5453533,50.03194,15.61388
5455723,50.03055,15.61388
5435222,49.93333,17.43694
5454160,50.11777,16.28277
5456689,50.90305,14.63861
5454532,50.91972,14.60388
5456709,50.91027,14.61194
5614426,48.7310977,17.7246684
5474675,49.72972,13.28444
5453949,50.5007023,13.0338317
5453959,50.4833492,13.0338107
5453969,50.4664551,13.0222629
5455563,49.97305,15.87277
5454424,50.21444,15.02333
5451229,50.5380706,13.9775933
5451239,50.5574128,14.0047685
5453307,50.2969738,13.5725896
5475292,48.81972,14.43611
5475302,48.83638,14.45305
5453156,50.0675,15.12444
5454586,50.26722,14.23972
5435282,49.59333,17.345
5435302,49.59777,17.365
5457510,50.37277,16.025
5433772,50.36222,17.12666
5473232,49.33666,13.95666
5437145,48.87861,17.51055
5434852,49.93083,17.35222
5433074,49.74833,18.03111
5456059,50.66416,14.14611
5455242,50.71138,15.31361
5455262,50.71916,15.31333
5433784,49.93805,17.96916
5473615,49.29833,13.66333
5435312,49.3622092,18.3013231
5435332,49.3587381,18.2861819
5434542,50.03333,17.04388
5434552,50.04166,17.05888
5434553,50.02444,17.03666
5436685,49.34555,16.02166
5436745,49.35277,16.00833
5436755,49.61111,16.69055
5436765,48.88972,16.82333
5436785,48.90166,16.82222
5453851,50.45694,16.18527
5457430,50.54027,16.02222
5453244,50.16444,15.10083
5453129,50.52611,14.08027
5473875,49.34583,13.70055
5456181,50.34638,14.51555
5457189,50.69833,14.72833
5476715,50.2025,12.37194
5453314,50.10166,15.19333
5474902,49.12027,15.44722
5473475,50.29222,12.87555
5457229,50.7425,14.73333
5456589,50.99305,14.38
5456609,51.00472,14.39388
5453324,50.07361,15.19972
5454629,50.35944,13.86416
5454566,50.28194,14.24305
5454749,50.6065122,13.8952398
5455143,49.74527,16.41222
5455133,49.73666,16.39527
5433124,49.65638,18.69583
8304501,43.7927932,7.6101427
5453350,50.0114858,16.5576854
8302430,45.4292046,10.9823277
5435095,49.01888,15.83138
5455122,50.74305,15.08111
5456319,50.79416,14.36111
5473552,49.19361,14.71666
5473542,49.17694,14.69583
5436795,48.94861,17.38222
5437795,48.96694,17.39888
5437205,48.93722,17.36166
5455733,50.01694,15.62305
5437025,49.55527,16.00305
5434984,49.53666,18.13305
5435982,49.96638,17.00333
5434982,49.97555,17.01305
5435972,49.98527,17.01972
5455759,50.74694,14.18083
5453599,50.30805,13.33194
5453639,50.3040695,13.3111195
5456579,50.99194,14.32111
5456235,49.68444,15.30888
5475122,49.0556817,13.7910511
5475132,49.0487833,13.7641073
5455520,50.39916,15.38055
5453649,50.2826181,13.3381923
5436805,49.22,17.84305
5454742,50.97305,15.02833
5614456,48.725183,17.7523531
5476804,49.85472,14.1
5436825,49.2126057,15.9658068
5436535,49.21166,15.98222
5453590,50.0874631,16.9001736
5475612,49.36888,14.22305
5456176,49.72861,15.17166
5455356,49.70027,14.8975
5455376,49.69777,14.90611
5454104,49.80388,15.405
5473596,49.48638,12.81444
5473752,49.14777,14.72833
5436845,49.32277,16.21333
5455946,49.87472,14.81416
5474425,49.9466871,12.7426745
5436835,48.98777,17.16638
5437185,49.03277,18.05277
5474262,49.41555,15.15805
5436195,49.30527,15.95027
5457010,50.54638,15.83416
5457159,50.67111,14.60722
5437115,48.93083,17.34777
5474825,49.76,13.27583
5474515,50.1030668,12.8455124
5456211,50.33638,14.94722
5473762,49.1451243,14.1800109
5455550,50.38444,15.49777
5475845,50.3075,13.01611
5433965,49.05583,16.59722
5474025,50.16722,12.3275
5473095,50.16277,12.31305
5454863,49.79194,15.97194
5473912,48.9070792,13.8833385
5454869,50.4284466,13.6856545
5475052,49.1702226,13.8929163
5476695,50.15583,12.37944
5455156,49.66138,14.55638
5455206,49.63805,14.61944
5433625,48.97638,17.21916
5435712,49.48277,17.15055
5456086,49.78972,14.98611
5474875,49.76166,13.04138
5436875,48.96361,16.60444
5455546,49.93833,14.38111
5435034,49.77055,18.30277
5455142,50.74,15.09333
5454326,50.335,14.37166
5454097,50.36722,14.26416
5454823,49.85472,15.93722
5453736,50.30944,14.00055
5454187,50.3899168,14.1404723
5453697,50.32722,13.90583
5435412,50.110934,17.406431
5435362,50.11776,17.3876617
5616486,48.8244294,17.5163501
5616446,48.8048997,17.5285631
5435342,49.50166,17.19777
5456616,50.05444,15.00027
5457200,50.61861,15.6225
5455146,49.65833,14.57916
5475632,49.34,14.17055
5454074,49.91472,15.43027
5473715,49.34916,13.29972
5475226,50.184098,13.3738222
5476072,48.9173197,14.3572743
5456081,50.44305,14.68666
5454836,49.98333,14.12333
5473072,49.39166,14.12444
5617895,49.1150719,18.9246517
5435442,49.33527,17.99333
5474225,50.34138,12.71222
5455283,49.955,16.14722
5455303,49.95027,16.15555
5435865,49.17833,16.29138
5453659,50.2604711,13.3917444
5433572,50.11638,16.9375
5436895,49.27833,16.99138
5474112,48.79611,14.86583
5474772,48.62333,14.30916
5510447,47.7827191,19.1330097
5453880,50.395,16.12166
5435242,50.28416,17.09444
5434254,49.975,17.85805
5434625,49.0425,17.50138
5457180,50.62694,15.48388
5454888,49.75305,15.87805
5435004,49.77388,17.74722
5478035,49.011037,14.480338
5475282,48.78861,14.47277
5453879,50.48103,13.2111439
5454879,50.3921933,13.6889928
5474562,49.3048039,15.0428903
5475352,48.92416,14.44944
5434115,49.40833,17.41611
5435935,49.45166,16.27
5475432,49.32444,14.56638
5456241,50.25694,14.9575
5474125,49.81611,13.56527
5453236,49.93277,14.305
5476794,49.8675,14.10722
5455660,50.2525,15.76416
5476214,50.04138,13.6025
5453014,50.28222,14.58444
5105984,50.8293957,17.0463081
5103865,52.2515735,21.0522983
5103350,52.2200627,20.9652859
8020915,50.4486449,12.0607835
8103107,48.1745297,16.3339652
8102801,48.2191234,16.3921133
8102855,48.1700397,16.4195311
8021227,53.0021275,11.7628467
5105865,51.1162965,16.998395
5105871,51.1670184,16.9966652
5105864,51.1273608,17.0014394
5105874,51.1979443,16.9698725
5106017,50.9257407,17.0328277
5106489,50.8563947,19.9460452
5106982,50.3052986,18.7871281
5456390,50.21416,15.48972
5476414,49.58527,13.94
5453206,49.91861,14.20305
5456679,50.9339557,14.4829983
5457109,50.63722,14.50611
5454703,49.90027,15.87972
5436905,48.88944,16.78138
5474232,49.37944,15.25916
5456576,50.03472,15.00833
5436915,49.18722,16.35861
5476204,50.05611,13.62916
5107530,50.481009,19.4231231
5435212,49.46777,18.04222
5476034,50.03583,13.91833
5436015,49.52111,16.58361
5436945,49.25333,17.28305
5436985,49.24611,17.28944
5456266,49.81555,15.18861
5473322,49.08944,14.32666
5454936,50.02611,14.28083
5473892,48.937152,13.9769518
5434565,49.1325,16.80666
5474695,49.68027,13.21555
5473965,49.60611,13.51694
5473104,49.90777,13.97972
5455212,50.77,14.87666
5455406,49.68944,14.96916
5436935,49.22861,17.315
5106706,50.4217225,18.1265296
5454521,50.31583,14.78666
5434405,49.52777,16.98666
5107550,49.8703282,18.6231281
5454816,50.13027,14.6675
5476975,49.24916,13.17888
8101145,47.3206646,12.7968853
5453956,50.23305,14.26666
5102780,51.9474642,15.5132122
8021503,50.9046152,14.8055966
5105642,50.6085,17.0338855
5476022,48.8504082,14.3514248
5435522,50.25916,17.38305
5455086,49.87916,14.73333
5473312,49.06527,14.36138
5453756,50.28472,14.07805
5453766,50.28222,14.09305
5454426,50.215,14.50722
5433755,49.22638,17.65833
5435515,49.22916,17.67222
5433765,49.21611,17.62305
5433745,49.20972,17.59944
5435585,49.20527,17.57361
5433775,49.22555,17.69166
5433785,49.21944,17.63944
5433795,49.22083,17.715
5435525,49.2075,17.58472
5436955,48.85277,16.05944
5434850,48.86527,16.04833
5436274,48.82,16.04416
5455366,49.69972,14.86972
5456136,49.73833,15.10388
5456146,49.74277,15.08527
5434802,49.46083,18.09416
5613263,48.5771489,19.1321971
5613223,48.569687,19.1205706
5453846,50.23055,14.18361
5473342,49.12472,14.26444
5453454,50.03083,15.34861
5473992,49.1605386,14.2743173
5435502,49.87194,16.88694
5435542,49.88527,16.88972
5436815,49.21555,17.80833
5436485,49.29194,17.49111
5435375,49.02111,17.77833
5473355,50.07833,13.19333
5475622,49.34305,14.20333
5454536,50.19972,14.25138
5453996,50.19694,14.25027
5457129,50.6815428,14.6356465
5457139,50.67861,14.64972
5454297,50.45722,14.32638
5453693,49.99472,16.10861
5453270,50.1,16.29694
5476665,49.51611,12.8325
5456526,49.9625,15.03166
5433132,50.03916,17.59611
5475182,48.9505436,13.8025947
5475192,48.9516891,13.822627
5434534,49.89722,18.50833
5473172,49.47666,13.86611
5455453,49.87722,15.5625
5473785,49.3275,13.15777
5454486,50.16972,14.35194
5455573,49.9775,15.86138
5475565,49.57777,12.75
5476024,50.04444,13.89166
5436135,49.10722,16.74555
5454080,50.03166,16.17888
5435122,49.77527,17.18416
5436615,49.03277,17.68527
5474002,49.1506722,14.2433885
5455549,50.46555,14.0375
5455139,50.60944,13.87888
5453179,50.65888,14.04388
5453159,50.65805,14.02944
5453209,50.65,14.04833
5453199,50.66416,14.08055
5453863,49.97083,16.37777
5453873,49.96861,16.39444
5455790,50.51611,15.45722
5435492,49.3097518,18.0033952
5434684,50.04916,17.755
5453046,50.07444,14.72277
5457059,50.58527,14.335
5454606,50.25638,14.37638
5458001,49.895464,16.444473
5455033,49.75277,16.05972
5456231,50.27222,14.94888
5614446,48.7215125,17.7988322
5618115,49.445252,18.7868372
5453200,50.12833,16.17361
5453220,50.1275,16.19027
5436415,49.31916,16.46583
5473432,49.25138,14.01555
5433635,48.94194,16.95861
5433364,49.55277,18.33416
5433292,49.51333,17.09666
5454776,50.15777,14.75416
5454756,50.15972,14.73527
5454775,50.16722,14.76527
5433055,49.41166,17.19111
5475412,49.34888,14.57972
5456900,50.13138,15.76972
5454070,50.06472,16.13583
5435014,49.78805,17.70944
5433742,49.52722,17.7725
5454752,51.00805,15.03722
5453499,50.4543948,13.363434
5474602,49.3739481,14.9654838
5453440,49.9870649,16.4263992
5453266,49.95972,14.32333
5453246,49.94611,14.33027
5456810,50.31527,15.86944
5453796,50.31138,14.20305
5475922,48.742828,14.086768
5456296,49.84055,15.21583
5476082,48.9267241,14.4060128
5473932,48.8606318,13.8609391
5453920,50.33444,16.10555
5474782,48.64416,14.28611
5433312,49.72388,17.09083
5434325,49.72111,17.07638
5453520,50.0470959,16.7464801
5453525,50.0366828,16.7460045
5475602,49.37166,14.27277
5456516,49.98777,15.20694
5475385,49.49555,13.30472
5457450,50.48361,16.07527
5453480,50.1047301,16.783741
5455246,49.55833,14.6125
5455046,49.85138,14.70166
5434665,49.28388,16.56694
5456299,50.79583,14.41388
5474805,49.37416,12.865
5456809,50.67527,14.53305
5456829,50.69166,14.53305
5456199,50.68222,14.52194
5453780,50.55222,16.18472
5457500,50.39527,16.05388
5453913,49.89694,16.44611
5434572,50.25333,17.21555
5434592,50.26,17.22805
5473282,48.97416,14.48861
5475362,48.95916,14.47555
5473452,48.99472,14.47916
5453909,50.4386317,13.0206168
5473632,48.76916,14.95777
5453066,50.07666,14.86611
5476002,48.82222,14.31694
5433234,49.74361,18.62222
5456046,49.81361,14.93527
5456056,49.80833,14.92972
5453210,50.13027,16.1475
5473042,49.47,14.07666
5456391,50.24361,15.23277
5455596,49.85805,14.31944
5476224,50.03305,13.56888
5475092,49.1111581,13.8291463
5455416,49.86888,14.71472
5435785,49.56361,16.91333
5454044,49.91555,15.39416
5458000,49.9151159,15.3945738
5433285,49.28194,15.76333
5473352,49.15333,14.22138
5455429,50.48333,14.03916
5456116,49.75194,15.04861
5473082,49.35333,14.0975
5105653,50.4775664,16.6707495
5106905,50.1593894,18.8452326
5106904,50.1580552,18.8208179
5108302,50.0817497,22.226396
5454622,50.93861,15.15083
5454612,50.93944,15.16305
5454709,50.6127089,13.9548466
5473272,49.27805,13.91388
5455981,50.40666,14.95555
5453309,50.64222,13.80083
5453216,49.91638,14.23861
5453476,50.14888,13.83277
5453483,50.03166,15.47861
5457490,50.43027,16.10277
5454476,50.17916,14.35527
5435945,49.365,16.30805
5455243,49.89138,16.24694
5435956,49.37888,17.45388
5473563,49.20666,14.73194
5473562,49.22416,14.72416
5455901,50.4071246,15.1102162
5454986,49.99694,14.66416
5105452,50.8601928,16.3328311
5100100,53.9045531,14.2663844
5436245,48.9125,16.70611
5476114,50.09166,13.62861
5436275,48.78083,16.02583
5436285,49.55388,16.69944
5434175,49.12194,15.8325
5434535,49.24972,17.36361
5433464,49.77638,18.37083
5434154,49.61111,17.99333
5473502,49.09722,14.57444
5474302,49.43777,14.97472
5435402,50.0666027,17.4734536
5436345,49.15666,16.72916
5434345,49.16333,16.72
5436327,49.545,15.6525
5456619,51.00638,14.46166
5456639,51.00666,14.43527
5433832,49.53666,17.81277
5477005,49.16138,13.2225
5434962,49.68444,17.28472
5434942,49.72055,17.28583
5456236,49.82777,15.2075
5434874,49.58277,18.1325
5613200,49.0625146,20.0827375
5434094,49.90055,17.82305
5473035,50.24305,12.15555
5434854,49.9125,18.00861
5453570,49.9701829,16.7547308
5613526,47.8001951,18.6797332
5473385,50.04972,13.12
5433614,49.95055,18.03472
5434932,49.67083,17.22111
5436465,49.37305,16.38972
5455186,49.66666,14.51666
5453069,50.45638,14.39388
5434067,49.62666,16.81722
5436625,49.03,17.72361
5436365,48.92305,15.87416
5434972,49.96166,16.98277
5476134,50.10722,13.56694
5475395,49.47361,13.29055
5475810,49.31388,15.35583
5456490,50.40777,15.56083
5476395,49.65722,13.53694
5473975,49.66944,13.50333
5104442,51.4753329,16.901885
5106015,50.983502,17.049605
5477025,49.12138,13.20916
5456596,50.03944,15.02416
5454217,50.4154685,14.0850909
5433975,49.01194,16.59444
5455159,50.58888,13.90055
5455179,50.58694,13.91611
5457009,50.52472,14.09638
5453320,50.07361,16.45
5456339,50.71194,14.38972
5453779,50.3365927,13.5551662
5453789,50.3381207,13.5351093
5453689,50.2901845,13.2391412
5454903,49.7,15.80416
5473945,49.55055,13.57388
5437065,49.21944,17.74416
5454549,50.525,13.72416
5455410,50.46222,15.37583
5477035,49.13611,13.23666
5477015,49.14305,13.22916
5456582,50.63972,15.265
5453347,50.241837,13.5569287
5453589,50.36305,13.28555
5456276,49.755,15.14083
5474653,49.46888,13.63027
5453349,50.60138,13.77138
5434884,49.56472,18.13083
5453953,49.85944,16.65666
5473625,49.2675,13.6175
5437075,49.03222,16.61694
5455329,50.4475,13.86444
5475165,50.04666,13.36277
5617915,49.2270928,18.7468252
5455209,50.58694,13.965
5456750,50.40305,15.84805
5456121,50.39388,14.61277
5474673,49.46333,13.69138
5453769,50.3645464,13.541936
5455423,49.88333,15.55555
5455474,49.89027,15.47722
5455464,49.89416,15.48972
5476054,50.01583,13.95583
5473365,50.08444,13.15916
5475932,48.7638373,14.1009378
5435572,50.30777,17.10277
5474015,50.14805,12.33555
5437015,49.55361,15.93916
5453810,50.53722,16.20416
5454060,50.11916,16.06694
5474532,49.254526,15.070921
5454813,49.82611,15.97805
